0.0163142849  151.6045227051  -2.1811842918  0.0774222985
0.0965338200  133.1849822998  -3.5045180321  -0.0305724647
0.1765687168  154.9267730713  0.7204616070  -0.0178072155
0.2566960156  161.3761901855  6.2144956589  0.0043655718
0.3368769586  164.3553314209  6.5589880943  -0.0072740479
0.4170322418  165.5976409912  0.7213758230  -0.0000194366
0.4979001284  190.3691558838  1.1698873043  0.0022431246
0.5796088576  182.0125427246  0.4651161432  0.0019762954
0.6598159671  167.4927520752  -1.0070937872  -0.0014780641
0.7398457527  156.3599548340  -8.5091333389  0.0007767563
0.8365257978  139.2441558838  -0.6307122707  0.0004573483
0.9165754914  147.8538055420  -1.9216537476  0.0018189508
0.9966090322  154.5921783447  2.7485809326  -0.0006637849
1.0767066479  148.7748718262  5.3710103035  0.0016686773
1.1567593813  173.5753936768  1.7295584679  -0.0005474345
1.2367620468  160.7261657715  4.7067780495  -0.0009636373
1.3167854548  163.8790435791  -0.5071968436  0.0000010383
1.3969185352  167.0481262207  0.2515980601  0.0004758250
1.4770380259  170.2923278809  1.2856281996  -0.0001151421
1.5572170019  189.7600250244  -2.8624615669  -0.0002715986
1.6383078098  182.7779998779  4.6705775261  -0.0002505290
1.7197281122  177.8770599365  1.8425011635  -0.0001956854
1.7998731136  157.5797271729  0.3278436363  -0.0000342618
1.8799502850  164.8271484375  1.5722470284  0.0000209277
1.9765448570  136.4176177979  0.7163194418  0.0004062886
2.0566177368  162.5092468262  8.0006561279  0.0002409386
2.1366798878  158.6317291260  3.3710753918  0.0004035503
2.2167513371  141.8055114746  6.9370670319  -0.0002139835
