0.0167021584  167.9548034668  -0.0000449922  -0.0000031889
0.1173343733  142.0886230469  0.0000367096  0.0000012997
0.2172603309  153.8284301758  -0.0002562034  -0.0000059164
0.3169593811  153.6885528564  -0.0000000000  -0.0000000000
0.4168254435  148.2196350098  0.0001362576  0.0000018451
0.5174512863  161.5394592285  -0.0000491005  -0.0000005422
0.6174748540  152.3346557617  -0.0001049692  -0.0000010090
0.7166699171  169.5089874268  0.0000367543  0.0000003078
0.7998116016  175.7341156006  -0.0000000000  -0.0000000000
0.9175463319  184.6078338623  -0.0001345731  -0.0000008645
1.0372440815  270.5723266602  -0.0000000000  -0.0000000000
1.1370836496  340.5495300293  -0.0000313760  -0.0000001418
1.2567269802  297.4021301270  -0.0000407896  -0.0000001633
1.3572580814  294.5990295410  0.0003581549  0.0000012713
1.4393438101  360.0827636719  0.0000620403  0.0000001984
1.5396546125  351.0342407227  -0.0000428596  -0.0000001255
