0.0162195824  136.7232666016  2.3893363476  -0.0175235160
0.0963487774  145.5137939453  0.4861048460  -0.0232215840
0.1764748544  152.2893981934  2.0664303303  -0.0032019992
0.2565281093  148.4528350830  1.3342229128  0.0065278648
0.3365975320  132.7234649658  0.1956350952  0.0012370447
0.4166599214  151.7927856445  6.9294066429  0.0024516329
0.4967080355  166.8913574219  3.0516512394  0.0011416338
0.5767588019  161.7718353271  1.2929303646  -0.0007497693
0.6567944288  164.4785919189  2.7712605000  -0.0013522170
0.7369173765  175.1325988770  3.0585551262  0.0010947499
0.8170605302  186.6058502197  6.9585695267  -0.0014243579
0.8970988989  167.0781860352  3.4122905731  -0.0007089751
0.9795194864  304.3209228516  0.3803944886  -0.0000367363
1.0596598387  356.2954406738  -3.8453469276  0.0002808202
1.1397176981  322.4506530762  -0.0430929661  -0.0010045328
1.2197906971  324.8533020020  -3.6679635048  0.0004818343
1.2998189926  330.0524597168  -4.2049674988  0.0005420959
1.3798304796  324.3886413574  3.7148587704  -0.0002310546
1.4598538876  315.8378601074  -4.8873405457  -0.0000246869
1.5399959087  296.1275634766  -0.4833664894  -0.0001199124
