8.0364837646  -1195.8787841797  -951.7019653320  -11.9488706589
8.0782775879  1590.2902832031  -264.3870849609  4.1812601089
8.1183166504  2055.5917968750  3221.1511230469  9.8924283981
8.1587295532  -1797.3388671875  -393.8353881836  -9.9242763519
8.1996259689  -4755.0996093750  -5016.2768554688  -40.8080711365
8.2397146225  -2977.8818359375  -3575.1118164062  -30.0979423523
8.2797822952  -5674.5942382812  -5256.6274414062  -54.2377853394
8.3199996948  -15351.1191406250  -9540.9111328125  -129.1599578857
8.3627548218  -8560.3320312500  -7392.9375000000  -79.6524200439
8.4051523209  -1439.5286865234  -2836.4353027344  -22.5609416962
8.4456300735  -684.8643798828  -597.7785644531  -9.0466175079
8.4875478745  -855.0568847656  859.3731689453  -3.6022572517
8.5285272598  487.2221679688  -367.0347290039  2.2773933411
8.5694332123  611.6911010742  1147.8183593750  4.6026711464
8.6101646423  1920.9685058594  -12.5645751953  6.6428961754
8.6509752274  822.3165283203  2231.9238281250  19.7513847351
8.6911687851  2920.1032714844  3381.5458984375  12.2225608826
8.7318325043  2231.6879882812  1941.7196044922  13.0928993225
8.7730598450  1966.6330566406  2847.7946777344  17.2284488678
8.8136825562  1217.2145996094  1663.8444824219  14.2024078369
8.8541250229  2004.1613769531  2026.1429443359  10.4373254776
8.8944368362  874.9158935547  2025.0273437500  10.1648178101
8.9346027374  1696.4279785156  2847.3647460938  18.4301757812
8.9751319885  3703.3659667969  4553.1147460938  26.0704765320
9.0153255463  3686.1181640625  3690.7636718750  19.6708698273
9.0554313660  2837.4282226562  3629.9169921875  21.5188388824
9.0959787369  1593.9892578125  3714.9941406250  15.5646505356
9.1364889145  1660.8171386719  2018.3636474609  8.7917604446
9.1766080856  156.9299316406  831.3932495117  2.7259562016
9.2167215347  561.2159423828  1310.2142333984  5.6746330261
9.2568473816  854.5925292969  2137.4460449219  10.7015542984
9.2969865799  1063.9077148438  1420.6849365234  6.0353989601
9.3379325867  1711.8218994141  1914.1025390625  10.7622060776
9.3784093857  1134.1168212891  974.9511718750  6.2267470360
9.4186620712  1546.9102783203  1949.6353759766  16.4532165527
9.4591054916  162.8533630371  1612.3601074219  3.3471863270
9.4992475510  1870.1654052734  1502.5026855469  9.3413352966
9.5393743515  2872.6552734375  3565.4790039062  14.2129659653
9.5794773102  3288.1762695312  4287.5590820312  23.4416618347
9.6197652817  3463.4953613281  3538.4777832031  18.1374320984
9.6612377167  2787.5537109375  3131.6379394531  15.3265151978
9.7043771744  2123.1364746094  2603.2717285156  17.7000713348
9.7467641830  1724.9604492188  1968.6870117188  6.8059606552
9.7876329422  1523.7705078125  1001.6217041016  4.3368773460
9.8283252716  941.7312011719  961.4883422852  4.3948855400
9.8684988022  -693.6647949219  -273.2185974121  -2.3292441368
9.9088821411  -422.8104858398  -862.0708007812  -5.2176074982
9.9496660233  -822.2155761719  -1192.3161621094  -3.8199841976
9.9903402328  467.5111389160  1147.1175537109  4.2926969528
10.0310287476  -434.7228393555  410.1577758789  -2.9409632683
10.0718984604  602.4585571289  1475.8803710938  4.7941880226
10.1125431061  -396.9739685059  1007.7968750000  2.4221024513
10.1534862518  110.1970062256  300.6958312988  0.0099325916
10.1938304901  -100.8902893066  43.1621551514  0.8064955473
10.2344179153  109.7438049316  -449.5869445801  0.1833268255
10.2747964859  -409.9526977539  -788.0348510742  -4.4416403770
10.3149843216  33.7769546509  -529.2568359375  -0.0914369822
10.3551759720  659.3941040039  -342.1569824219  -0.2110366076
10.3958272934  907.6728515625  159.0827636719  6.9390563965
10.4363880157  -552.2535400391  -1583.1860351562  -6.1134781837
10.4767427444  -326.9502258301  870.1389160156  1.5607448816
10.5168247223  -670.4863891602  -142.8908386230  0.6089057326
10.5569124222  0.8324489594  673.7645263672  0.1554914415
10.5970525742  -423.7399902344  647.9554443359  -2.3943331242
10.6373815536  -859.0324707031  -958.2353515625  -4.7577590942
10.6774311066  -1399.7713623047  -1472.5205078125  -7.1012277603
10.7177190781  -394.1354675293  -711.4083251953  -5.0526909828
10.7581253052  -2607.1633300781  -2131.7436523438  -11.2449150085
10.7982454300  269.2719726562  -232.1544799805  -3.5824368000
10.8385162354  -960.9394531250  -889.7958984375  -4.0879998207
10.8786058426  -1013.7290039062  -775.1518554688  -5.1489243507
10.9186487198  -197.1993103027  -1498.9119873047  -4.8668270111
10.9588394165  259.4355773926  551.9330444336  3.1225545406
10.9991321564  -803.5075683594  -570.3271484375  -5.0577263832
11.0392541885  -633.8074951172  -1362.7091064453  -4.4790239334
11.0793533325  -230.3180236816  -1821.8305664062  -4.3563776016
11.1195707321  1042.8797607422  187.0283508301  2.5040962696
11.1596603394  -6.9910860062  -1298.3743896484  -0.0462756269
11.1998538971  -62.9992980957  -575.0520019531  -1.1662536860
11.2399339676  -1813.8222656250  -3060.7387695312  -16.6027965546
11.2799997330  -1912.2957763672  -3669.6811523438  -18.5469741821
11.3224763870  -2120.6088867188  -2034.0068359375  -14.1102142334
11.3641147614  -742.0158691406  -1534.4066162109  -8.6137933731
11.4063158035  -1479.7010498047  -2252.0957031250  -12.9768753052
11.4477071762  -2025.5947265625  -1123.6441650391  -11.7159280777
11.4884719849  -1453.8425292969  -318.4323120117  -9.5172071457
11.5291357040  -1345.3366699219  -1524.9908447266  -11.1043100357
11.5699911118  -1631.4582519531  88.5885009766  -7.0078539848
11.6102418900  -1594.9621582031  -2307.7880859375  -12.8549108505
11.6509265900  -2019.1066894531  -1382.9276123047  -11.8504180908
11.6915178299  -1045.8470458984  -626.1831054688  -6.5963997841
11.7317571640  -489.2008666992  -136.8992309570  -7.1917419434
11.7720260620  797.2547607422  -356.7048645020  2.1910648346
11.8126678467  818.1580200195  346.1953430176  -0.8189957142
11.8549184799  -2087.0932617188  -1996.6214599609  -5.5084862709
11.8951387405  -2288.0578613281  -895.0592651367  -12.7144861221
11.9357404709  -2260.3557128906  -483.4356079102  -8.5510873795
11.9758729935  105.1746215820  1687.7011718750  2.8422269821
12.0161600113  -1723.4978027344  -1232.9472656250  -8.3997154236
12.0562505722  -1666.7138671875  -1052.5395507812  -9.9142484665
12.0965023041  -2280.5493164062  -459.2401733398  -11.6142377853
12.1365203857  -1848.0480957031  127.5731201172  -8.6761035919
12.1767044067  -2921.1459960938  -1072.2404785156  -14.2076673508
12.2167806625  -3224.1079101562  -2597.5402832031  -21.8763446808
12.2569150925  -613.8205566406  -2366.3659667969  -11.3077383041
12.2970724106  -902.1154785156  -1038.6009521484  -11.3252468109
12.3373041153  -358.8016967773  -1182.9260253906  -6.5843906403
12.3777532578  -1469.2521972656  -955.5343627930  -12.5509262085
12.4179391861  -1479.4566650391  -624.6292114258  -10.2154722214
12.4582109451  -289.1323547363  -900.7550048828  -3.7696194649
12.4984693527  -861.1641235352  -2433.4370117188  -10.4460191727
12.5385475159  -1983.0568847656  -1373.4772949219  -14.7680187225
12.5785589218  -1725.0695800781  -1101.0618896484  -6.2483053207
12.6191244125  -1118.8076171875  -2661.7658691406  -13.5925798416
12.6594505310  -291.0837402344  -2927.1171875000  -12.3458824158
12.6995439529  -1165.6058349609  -955.5433959961  -7.7113437653
12.7397184372  -2006.6995849609  -4220.7690429688  -17.7324581146
12.7797689438  -2319.4069824219  -4075.6379394531  -18.8735942841
12.8198566437  -1681.8627929688  -2131.0722656250  -11.8293256760
12.8607492447  -2883.4851074219  -3162.2546386719  -21.8898391724
12.9028530121  -71.3708953857  -149.7562561035  1.2828298807
12.9440546036  -150.2951049805  775.1694946289  2.9155836105
12.9851007462  -928.5255737305  -721.9560546875  -2.1054687500
13.0264129639  201.9347229004  424.7290344238  0.8218176365
13.0674352646  100.0654296875  1089.4254150391  8.7736396790
13.1084165573  496.4214172363  -648.0918579102  -0.1397321522
13.1505308151  539.6694335938  745.2850952148  5.3117942810
13.1906423569  406.8940124512  525.5134277344  -0.9811452627
13.2331008911  659.4481811523  453.7204284668  2.5537784100
13.2739295959  42.4371948242  -1281.4625244141  -6.5280470848
13.3146181107  40.5830993652  -1481.6250000000  -4.5910949707
13.3550472260  -117.1837005615  -1445.0874023438  -5.7515358925
13.3954782486  -524.0286254883  -315.3334350586  -6.9036965370
13.4359598160  -125.7790069580  -189.4556884766  -4.3819894791
13.4762020111  477.9653930664  -1418.6317138672  -2.2166593075
13.5162372589  -570.7526855469  -1420.3096923828  -8.8776826859
13.5569620132  789.8429565430  171.4212646484  -0.5561445355
13.5972328186  314.6363525391  -537.4291992188  -1.7280868292
13.6380033493  -194.4945831299  -179.9657592773  -4.0273022652
13.6780939102  -996.7290039062  -135.6464843750  -3.5379049778
13.7186193466  179.7269287109  177.2675170898  -3.2018704414
13.7587013245  -1138.9663085938  -1561.3859863281  -2.1826090813
13.7987556458  81.8739776611  998.6918334961  3.0412330627
13.8393516541  1979.6208496094  3118.3940429688  14.2477865219
13.8796043396  -468.2909240723  140.7992706299  0.1992244571
13.9199190140  1372.1669921875  1452.7149658203  8.5913324356
13.9631175995  2245.3447265625  3910.0971679688  12.0316772461
14.0042476654  450.6154785156  1410.6904296875  12.1884860992
14.0457839966  1678.6975097656  3481.3754882812  10.5330238342
14.0897359848  1308.8532714844  2530.2978515625  4.2680463791
14.1314868927  973.0961303711  1284.8160400391  9.4415760040
14.1723985672  1190.0078125000  1841.1854248047  4.1125893593
14.2128229141  -1127.5118408203  -545.4349365234  -6.0472459793
14.2536354065  483.9570312500  652.2459716797  2.3571403027
14.2944917679  -510.4945068359  7.3945312500  10.2659549713
14.3348674774  1164.5264892578  2324.4147949219  10.5878410339
14.3759241104  879.7239990234  1394.0421142578  7.4773335457
14.4163799286  1305.1906738281  552.8852539062  10.3249502182
14.4564638138  928.0323486328  50.8134765625  9.9464225769
14.4968519211  302.3688049316  119.6153564453  11.1714267731
14.5375547409  1801.4414062500  2549.9946289062  13.7189912796
14.5781278610  2372.2153320312  3628.4245605469  18.8443412781
14.6183643341  544.4047851562  -317.7396240234  11.5292396545
14.6587495804  -261.0708007812  333.3382568359  15.2206697464
14.6989774704  843.5124511719  693.8724975586  2.1713204384
14.7392282486  3564.4511718750  4185.9672851562  23.8451004028
14.7795324326  1945.9893798828  2069.1052246094  17.0575752258
14.8196964264  3159.4133300781  5037.3505859375  35.8832397461
14.8597288132  3965.6105957031  5526.8120117188  22.8460941315
14.8997535706  1689.1037597656  2789.7048339844  18.1279907227
14.9399414062  2701.3659667969  3894.2534179688  18.4718627930
14.9847736359  3253.2304687500  3465.6081542969  11.9085121155
15.0260086060  342.9593505859  -476.9607543945  -0.0610746443
15.0673522949  948.2391967773  2581.4663085938  5.3768329620
15.1112413406  2316.0820312500  2109.4238281250  32.0622673035
15.1518030167  1561.2095947266  1114.5345458984  10.4700756073
15.1930027008  1365.8054199219  1351.3109130859  13.3403367996
15.2341775894  1826.3563232422  2284.5314941406  15.4469652176
15.2751598358  3081.9243164062  3037.0910644531  10.7026395798
15.3160438538  2282.4550781250  2870.8815917969  28.9512424469
15.3569211960  2481.6823730469  2420.4624023438  21.4033336639
15.3983993530  838.0826416016  2015.9874267578  14.9059286118
15.4387712479  3334.9169921875  3486.7207031250  13.5926675797
15.4790668488  1397.3593750000  2706.5634765625  8.8706588745
15.5194749832  432.5733642578  1070.9014892578  5.3612990379
15.5597562790  663.9039916992  1781.6984863281  8.0062589645
15.6060743332  4516.0175781250  3478.1679687500  12.3843421936
15.6465435028  2258.8645019531  2162.3500976562  16.0473003387
15.6873540878  2191.4492187500  1715.7167968750  11.8044013977
15.7285718918  1375.0877685547  917.6888427734  4.8999505043
15.7723321915  1438.9676513672  1973.9963378906  5.9553656578
15.8129501343  2480.0109863281  3131.2617187500  8.6294984818
15.8540258408  897.3105468750  262.9895019531  9.0731916428
15.8942680359  -139.1091308594  550.0338134766  0.6652089953
15.9354696274  627.8200073242  701.6091308594  3.7152500153
15.9757986069  1082.0998535156  2505.2993164062  4.7959914207
16.0163669586  586.0409545898  1174.0061035156  6.1801948547
16.0565967560  1058.5163574219  319.6704101562  1.4700008631
16.0968132019  17.8134765625  682.8784790039  2.4443657398
16.1370582581  439.3875732422  793.1058349609  4.3081426620
16.1771869659  286.4675292969  792.2410278320  6.1861114502
16.2173442841  419.3200073242  1069.9980468750  4.3111672401
16.2575645447  669.9140625000  1372.0322265625  2.6118009090
16.2977390289  -505.9565124512  -28.0845336914  2.1045265198
16.3378639221  -43.2774658203  837.4781494141  5.5260720253
16.3781509399  224.0226440430  1056.9238281250  4.8090524673
16.4184589386  1184.2030029297  803.1517944336  2.2577574253
16.4587345123  1175.5073242188  615.3980712891  5.9855237007
16.4987583160  397.0369873047  1175.4033203125  6.2526955605
16.5388259888  67.0528564453  1028.6528320312  7.2601952553
16.5789546967  -660.2042236328  284.5377197266  1.1895062923
16.6190395355  861.4432373047  726.4472045898  3.2877814770
16.6590461731  1363.6494140625  1736.9743652344  6.3794741631
16.6990814209  1018.8737792969  834.7168579102  3.9303271770
16.7391128540  1587.3881835938  1222.2172851562  5.9730691910
16.7791175842  430.9134521484  -187.5953369141  1.5752146244
16.8192119598  -474.5781860352  788.4093017578  2.4556229115
16.8592910767  1394.9394531250  720.5595703125  7.2033314705
16.8993034363  -655.6027221680  -1839.5368652344  -5.0551328659
16.9393634796  1080.9042968750  567.8586425781  9.8276290894
16.9794635773  297.8219909668  536.1904907227  3.2305221558
17.0194797516  2300.7316894531  2621.8420410156  13.6091222763
17.0595188141  76.3345336914  809.1895141602  4.4698929787
17.0995597839  -1491.9989013672  -2508.7111816406  -13.4776687622
17.1397037506  -865.0578002930  823.9926757812  -0.4658105969
17.1797332764  601.5288696289  -922.3992309570  -0.0975429192
17.2198143005  1007.9172973633  1010.3671875000  2.5194096565
17.2598285675  485.8251953125  -247.7176513672  0.9122183919
17.2999477386  -171.8745269775  102.9772033691  -0.8635320663
17.3399944305  -2446.9682617188  -1027.1024169922  -8.7828283310
17.3826599121  -1483.3380126953  -1755.6766357422  -9.3114814758
17.4256534576  -2596.0871582031  -388.6547851562  -13.9103593826
17.4678497314  -2745.0566406250  -3140.9785156250  -19.7129077911
17.5100727081  -3744.1831054688  -3319.8928222656  -25.5496444702
17.5503196716  -1177.8610839844  530.7635498047  -5.9584779739
17.5913066864  -1837.2426757812  -177.7883911133  -4.9605131149
17.6319046021  -1760.6988525391  -4262.3798828125  -17.0068569183
17.6725444794  -1041.6712646484  -2548.4960937500  -13.4661874771
17.7139244080  -55.6658935547  -2664.4975585938  -4.5351929665
17.7541446686  315.8918151855  596.5451049805  1.6645201445
17.7949600220  -965.5739135742  -2540.1215820312  -7.6619009972
17.8355064392  -699.8598022461  -3137.3847656250  -13.3267555237
17.8759498596  283.1245117188  -4747.2133789062  -13.4069013596
17.9162521362  -530.3884887695  -1565.6469726562  -5.4621901512
17.9564342499  1050.5720214844  362.8704223633  2.2467777729
17.9966411591  731.4730834961  -2710.1831054688  -5.9960317612
18.0369281769  -1669.5792236328  -1086.3426513672  2.1245775223
18.0773296356  477.3161621094  -1137.3188476562  -2.4687705040
18.1177692413  -1197.1447753906  -1809.8554687500  -6.8600182533
18.1578559875  393.2158203125  -3243.6899414062  -4.6050949097
18.1979503632  -801.3229980469  -3661.2639160156  -8.9529218674
18.2380561829  -666.0933227539  -2278.5756835938  -5.5819678307
18.2784595490  316.8771362305  -3154.2885742188  -3.0688054562
18.3186359406  -1137.2272949219  -2456.7136230469  -1.1471707821
18.3587036133  -273.7111511230  -2907.5302734375  -6.4202866554
18.3987293243  -110.9222106934  -3538.8305664062  -6.2727093697
18.4387798309  -175.8191986084  -3120.8417968750  -4.9159359932
18.4788818359  -695.1491088867  -1905.2314453125  -2.9942045212
18.5189743042  -1380.7082519531  -2860.2155761719  -8.7897930145
18.5590553284  -1324.6634521484  -3158.5043945312  -12.6916885376
18.5990676880  -1994.7568359375  -2380.8803710938  -9.2855911255
18.6391048431  -325.7561035156  -3625.4729003906  -8.1929149628
18.6792850494  -865.7387695312  -2710.3500976562  -9.3950490952
18.7193336487  795.0550537109  -864.9600830078  -1.0446900129
18.7594470978  -506.9756774902  -1480.9685058594  -0.2577606440
18.7994842529  354.0945434570  -1222.3270263672  -1.0391811132
18.8395366669  358.1943969727  180.6626586914  4.2575478554
18.8796195984  -424.6839294434  867.4768066406  3.7682533264
18.9196548462  1726.8479003906  2111.8552246094  12.0192747116
18.9597053528  1387.4333496094  781.5443115234  4.8626408577
18.9997787476  1755.4708251953  1749.4610595703  12.2909011841
19.0398273468  1499.8759765625  3375.2805175781  22.7699928284
19.0798873901  538.1505737305  2484.8039550781  0.4628328085
19.1199226379  1628.0454101562  2144.6940917969  12.5392084122
19.1599617004  2156.9626464844  2811.2360839844  16.4874610901
19.2027587891  2280.2507324219  4108.3730468750  14.8590679169
19.2463970184  2803.5766601562  3480.6523437500  20.1172504425
19.2873306274  1597.2448730469  1815.6367187500  10.0419120789
19.3320407867  1034.6173095703  544.3096313477  6.3166427612
19.3731880188  1774.9503173828  2422.1643066406  15.2262067795
19.4137439728  1049.9663085938  -266.7596435547  3.1875393391
