0.0167021584  172.4089202881  -0.0001241428  -0.0000154197
0.0599249490  200.2545013428  -0.0000000000  -0.0000000000
0.1195897758  203.0641784668  0.0003522200  0.0000130260
0.1799805015  177.8806610107  0.0002775277  0.0000087618
0.2367454469  140.3194885254  -0.0000987145  -0.0000023671
0.2799435258  188.2862396240  -0.0001001989  -0.0000019998
0.3571530879  181.1835327148  -0.0001268008  -0.0000020174
0.4198716283  203.5446624756  0.0002026437  0.0000028142
0.4967651367  190.7320861816  -0.0002171792  -0.0000026785
0.5395539403  198.0893402100  -0.0003887008  -0.0000043163
0.6174748540  142.0239715576  -0.0001882025  -0.0000019314
0.6773591638  107.0114059448  0.0000722292  0.0000006776
0.7369642258  175.4862823486  0.0000578300  0.0000004964
0.7970733643  177.3437347412  0.0000869224  0.0000006927
0.8570306301  177.3768157959  0.0000740769  0.0000005375
0.9376682043  181.2747039795  -0.0000193446  -0.0000001291
1.0163857937  296.7052612305  0.0001253896  0.0000007467
1.0773485899  281.8039550781  0.0000271771  0.0000001465
1.1370836496  358.4118041992  0.0000261594  0.0000001247
1.2167427540  200.7948608398  -0.0001422768  -0.0000006328
1.2775412798  303.5271606445  -0.0001549588  -0.0000006151
1.3394806385  403.8618164062  0.0000171640  0.0000000636
1.3999948502  376.6250610352  0.0000831812  0.0000002906
1.4599075317  400.3400573730  -0.0001687724  -0.0000005513
1.5370965004  360.1793212891  -0.0000757997  -0.0000002299
1.5998911858  -4394.3564453125  6.6402506828  -0.0927787349
