0.0540258139  827.5370483398  2111.2470703125  9.5114564896
0.1343602389  -156.0781402588  307.3830566406  -1.3225401640
0.2149807960  -1309.0993652344  -1608.5839843750  -9.5886516571
0.2950810492  -4607.4384765625  -2684.9003906250  -36.5864562988
0.3755347729  -2024.4548339844  -2616.7573242188  -23.7457962036
0.4555451274  -534.0507812500  8.1750183105  -4.1420574188
0.5360096097  653.4057006836  -77.2700500488  0.7435687184
0.6165598035  686.2070312500  764.9129638672  5.8796601295
0.6966855526  1200.4870605469  1811.0037841797  8.2445631027
0.7772464752  686.6915283203  1408.8065185547  7.7976360321
0.8577426076  1176.6247558594  1236.4929199219  4.3264174461
0.9378998280  1051.7727050781  1940.5886230469  12.4846715927
1.0182172060  1811.8728027344  2006.4093017578  11.5091686249
1.0982407331  768.2454223633  1427.6771240234  9.5357894897
1.1783057451  662.9791259766  764.7997436523  2.2450473309
1.2584013939  821.9079589844  952.1923217773  4.9333205223
1.3384979963  603.3068847656  666.2791137695  3.0947086811
1.4189127684  587.9473876953  920.2168579102  5.2230153084
1.4990265369  571.2952880859  811.6811523438  7.0324850082
1.5791052580  1570.5870361328  1957.6057128906  10.7016935349
1.6592605114  1167.8134765625  1026.5054931641  7.6937623024
1.7397451401  1219.6154785156  1221.0010986328  4.2839922905
1.8227080107  260.3826293945  335.3381958008  -0.0800670609
1.9043667316  -919.6238403320  -1149.4841308594  -5.4773082733
1.9847782850  -161.2060241699  68.3751068115  -0.9284104109
2.0679898262  197.5468444824  273.3700561523  0.6216770411
2.1486704350  5.2611236572  -435.2818603516  -1.2204195261
2.2289061546  -826.4317626953  -185.0947875977  -2.3500556946
2.3093028069  26.2135581970  -31.5026130676  -0.1254308075
2.3899412155  75.0079956055  -414.5052490234  1.4987591505
2.4714982510  164.8523712158  122.8255233765  0.3552706242
2.5515782833  210.6878662109  -77.7143554688  -0.0985676050
2.6320462227  -830.0920410156  -1077.8306884766  -4.3548426628
2.7128245831  -358.2323913574  -1018.9381713867  -3.5946176052
2.7932689190  -661.6042480469  -894.0501098633  -4.5978298187
2.8736448288  -1208.1737060547  -534.6167602539  -5.0259799957
2.9538617134  -268.0839843750  250.3639984131  -0.9728050232
3.0341598988  -203.3430786133  -186.2253112793  -1.0630738735
3.1146397591  334.9585266113  -80.7789611816  -0.0155554041
3.1947400570  -993.2665405273  -694.0999755859  -4.4289703369
3.2748980522  -1487.1649169922  -1179.6157226562  -8.4890031815
3.3556668758  -930.2135620117  -925.3240966797  -5.4502382278
3.4362797737  -1457.8100585938  -713.7685546875  -7.9828982353
3.5166501999  -108.0656433105  -194.5294647217  -2.7281560898
3.5967042446  -1051.4150390625  -871.1423339844  -5.5004353523
3.6769530773  -658.5842285156  -683.6652221680  -4.3476319313
3.7570817471  3.2225437164  383.6534729004  -0.1567913145
3.8373746872  -8.6849298477  -119.2337646484  0.0057611819
3.9176280499  -879.6351318359  -609.3331298828  -5.2168288231
3.9976763725  -268.6983642578  -266.5923156738  -3.5394682884
4.0777668953  -1414.9703369141  -1369.9666748047  -10.0569305420
4.1578550339  -507.0464477539  -209.4598999023  -3.3972799778
4.2382249832  64.0723876953  -1752.6357421875  -6.6011219025
4.3183708191  -225.2256317139  -668.5328369141  -4.5654501915
4.3984375000  -440.9927368164  64.8088684082  -2.9325888157
4.4786429405  -210.7591094971  -271.5261840820  -2.7758967876
4.5589127541  -740.6726684570  -605.8190917969  -4.6594281197
4.6391596794  165.0148315430  -1533.2640380859  -6.0013375282
4.7195072174  -1168.8723144531  -1252.8292236328  -8.0179815292
4.7997860909  -699.8530273438  -1819.7521972656  -7.9424476624
4.8798842430  -1573.3562011719  -1059.8558349609  -8.7245988846
4.9599022865  -82.6919403076  -694.0614624023  -2.0945353508
5.0399680138  273.0729370117  447.9921875000  3.0482563972
5.1213064194  238.9151916504  -542.9934082031  -0.4375496209
5.2069430351  533.0584716797  -14.0295867920  1.0195196867
5.2878031731  -393.9275207520  -1094.5778808594  -4.2693772316
5.3700428009  150.3571166992  -550.3492431641  -1.7600462437
5.4515233040  -374.6207885742  23.3465576172  -1.8175972700
5.5327887535  -206.7244567871  -598.9697875977  -2.5011053085
5.6131601334  -556.0437011719  33.5551147461  -1.4576431513
5.6942400932  -302.9214782715  -591.5661621094  -3.1082189083
5.7755608559  157.0639953613  -891.5569458008  -0.5509294868
5.8562240601  201.1442565918  654.1007080078  2.6276946068
5.9369492531  61.5842132568  190.2601470947  2.8535532951
6.0182209015  599.1359252930  790.6730346680  4.4583263397
6.0982460976  276.1596679688  527.3135375977  4.0509190559
6.1785464287  219.0812683105  393.7202758789  3.0476260185
6.2586979866  94.3645401001  -142.5152893066  1.2498129606
6.3388562202  1367.4154052734  1952.7539062500  10.7150278091
6.4191002846  368.2589111328  461.4699707031  4.8863143921
6.4991192818  1167.6467285156  1678.8328857422  8.3603668213
6.5793862343  1336.1652832031  2323.6311035156  14.9432859421
6.6595182419  1772.2308349609  2673.8896484375  14.4774379730
6.7396678925  1303.9781494141  1651.6198730469  9.3952255249
6.8199758530  2454.3991699219  2928.3432617188  14.8969364166
6.8999929428  878.8450927734  1301.3477783203  9.1599254608
6.9823427200  682.4293823242  586.3449096680  3.9949836731
7.0634055138  763.5898437500  707.5620117188  3.8748660088
7.1471261978  1151.4877929688  1152.8500976562  8.8516263962
7.2275652885  1249.4040527344  952.5504760742  7.3641400337
7.3133111000  210.0156250000  499.2821655273  8.8556957245
7.3954768181  866.4434814453  1099.9630126953  8.9532966614
7.4760165215  1150.3459472656  1265.9808349609  4.6569023132
7.5568199158  -88.9602050781  434.0836181641  3.7194137573
7.6374688148  1270.7531738281  1343.3956298828  4.7078199387
7.7178368568  976.4406127930  643.2197265625  5.0271258354
7.7979440689  1251.4113769531  1076.1343994141  3.2800552845
7.8780961037  157.5403137207  -3.3233184814  1.1089900732
7.9584479332  588.9359130859  553.5638427734  3.1425268650
8.0389804840  162.3793945312  655.9252929688  2.2267100811
8.1190652847  396.9917907715  219.9386138916  2.5015504360
8.1992187500  217.3305969238  104.1813507080  0.0932400301
8.2793302536  511.1519775391  249.3944702148  1.7857347727
8.3594865799  410.9107666016  103.7308807373  1.2433903217
8.4396438599  505.6690063477  931.6430664062  3.9305064678
8.5198478699  518.7140502930  154.0682525635  1.0334508419
8.5998811722  624.7544555664  49.1047363281  2.2925541401
8.6799392700  465.5558776855  -142.8060607910  2.5348324776
8.7599916458  872.1123657227  467.0281372070  3.7302315235
8.8452072144  374.9627075195  282.4640197754  0.7333698273
8.9261589050  1195.8619384766  963.0769042969  2.9283797741
9.0092573166  582.4583740234  268.3399963379  3.7689576149
9.0901575089  460.5424804688  906.1785888672  5.9692354202
9.1708765030  503.7932128906  310.0127258301  2.1424341202
9.2517900467  934.6980590820  512.2682495117  1.1634689569
9.3322877884  710.1987915039  894.4611206055  5.0362963676
9.4126977921  415.7271423340  92.1219787598  3.7698841095
9.4932289124  697.8095703125  504.7780456543  4.2245616913
9.5733747482  196.8146972656  -148.5496520996  1.1836514473
9.6537933350  -628.0732421875  -430.4372863770  -0.6639628410
9.7345199585  737.9947509766  594.6049194336  2.8238565922
9.8148746490  50.8517990112  86.3593292236  0.9807052612
9.8949832916  -391.2437133789  223.2855072021  0.4585192800
9.9757118225  1122.2650146484  277.4804687500  3.6819965839
10.0560274124  563.9617309570  399.1729736328  3.7414274216
10.1362028122  42.3943786621  475.8618164062  2.3288888931
10.2165098190  -539.6262207031  -882.2613525391  -3.6872951984
10.2967205048  5.2309494019  949.4921875000  0.3869685531
10.3768463135  -0.4334030151  -504.5377807617  -0.8077815771
10.4571046829  -245.9311218262  -309.3936462402  -0.7367423177
10.5372610092  97.1447525024  17.8136749268  -0.6664071083
10.6174907684  436.4037475586  655.9966430664  3.5357060432
10.6975584030  -593.2219238281  -820.5774536133  -6.3987407684
10.7777490616  -1225.1754150391  -835.6282348633  -4.6439871788
10.8581094742  -3126.5395507812  -2006.0659179688  -18.8807296753
10.9382486343  -555.9061279297  -839.5242309570  -5.4475164413
11.0183763504  -330.3900146484  -689.9716186523  -4.3521709442
11.0989198685  -781.0756835938  -568.9850463867  -4.4309062958
11.1790647507  2.0060577393  39.0059356689  -1.4146655798
11.2592144012  -487.7654724121  -600.9283447266  -3.1316339970
11.3394737244  -467.5344848633  -534.5255126953  -4.5907158852
11.4195299149  -218.5140380859  8.0804748535  -2.2953398228
11.4995889664  -930.4772338867  -49.1996154785  -2.9009358883
11.5796298981  266.2417907715  -649.5434570312  -2.0032260418
11.6596546173  -439.0798034668  -962.1386718750  -3.9968335629
11.7397651672  -472.8472900391  -1558.9876708984  -7.8849411011
11.8198404312  -1576.4458007812  -459.2931823730  -6.0412034988
11.8998670578  430.0788879395  1055.6677246094  4.0498681068
11.9839468002  609.2355957031  632.1118164062  4.7062797546
12.0652551651  -767.6376953125  -596.0690917969  -2.9778203964
12.1493358612  691.6160888672  1007.3425292969  4.3355135918
12.2309942245  -2.3731994629  -1091.0639648438  -2.3678689003
12.3121747971  -35.5436935425  609.5068359375  0.0006439944
12.3935842514  -221.0399169922  -964.8579101562  -3.5325565338
12.4743156433  -344.2448425293  -1450.6606445312  -3.5205621719
12.5548782349  -440.4222717285  -967.3659667969  -3.6110982895
12.6354761124  -326.2093505859  -204.6223907471  -1.0335246325
12.7161502838  -173.9568023682  -15.5829620361  -0.9556372762
12.7967576981  -238.2064819336  -1418.8820800781  -3.5958483219
12.8770170212  -234.5323486328  -1636.9383544922  -3.7728788853
12.9571218491  -730.0313720703  -1193.7885742188  -4.6204552650
13.0374526978  -586.3578491211  -1457.6478271484  -4.4311823845
13.1175251007  -696.4921875000  -1120.8747558594  -5.0010209084
13.1976127625  -1351.4300537109  -2014.1298828125  -10.3109359741
13.2779636383  -1324.9519042969  -2288.1696777344  -11.0236959457
13.3581094742  -353.2484741211  -1390.8010253906  -4.5959382057
13.4384279251  -351.2455139160  -801.4324340820  -3.6688168049
13.5189542770  -267.8965148926  -151.6729125977  -2.0494325161
13.5990724564  -409.2487182617  -752.7208251953  -1.1293790340
13.6790981293  272.7474975586  -660.1669311523  -0.2988983691
13.7591638565  -219.9816284180  183.2067260742  0.4767841101
13.8392562866  747.3957519531  331.6890563965  3.9691102505
13.9194278717  348.1335449219  879.4040527344  2.1396071911
13.9995040894  73.8592681885  14.5064849854  0.8726486564
14.0795965195  195.7190856934  267.6247558594  2.0439035892
14.1598119736  114.9688415527  699.7890625000  2.5129349232
14.2398786545  812.3621215820  398.8801879883  1.3452469110
14.3198966980  683.9554443359  938.9627685547  3.9981460571
14.4025640488  791.2591552734  799.8480834961  5.4191708565
14.4858207703  940.7307128906  1199.0205078125  6.6260738373
14.5669384003  989.7507934570  1257.5388183594  9.8550500870
14.6481113434  838.0841674805  1053.9799804688  3.8374102116
14.7289161682  823.2447509766  956.8692626953  4.7803096771
14.8100538254  744.2368164062  1107.0306396484  5.6457428932
