0.0163142849  181.4591064453  7.9237527847  0.5750297308
0.0566271357  231.1217956543  19.2554092407  0.6031758189
0.0966522396  164.3704223633  33.0139007568  0.1183382496
0.1368962079  194.5678405762  14.1783761978  -0.0104606450
0.1769395918  231.7489776611  13.4394626617  -0.0694881752
0.2170095295  219.3994293213  -0.9542944431  0.0011691481
0.2572482824  256.2301635742  11.4713649750  0.0451232642
0.2973341942  240.8293609619  12.1644535065  -0.0239157137
0.3374961317  273.2723083496  9.9445686340  0.0005002807
0.3775673509  254.5320129395  1.8966875076  -0.0290043969
0.4198005497  241.0264282227  -7.0954666138  0.0069952942
0.4599052370  185.7396697998  -7.2391672134  -0.0120523088
0.4999279082  169.9490509033  0.7593078017  0.0130117303
0.5399843454  134.8079528809  -10.3089475632  0.0126106795
0.5963776112  136.4602203369  -11.4722423553  -0.0092999870
0.6364520192  115.7453536987  -3.4476051331  0.0041419985
0.6765824556  127.2496185303  -18.0997714996  -0.0010950086
0.7165959477  153.1759185791  -16.9160213470  -0.0079643046
0.7566425800  185.9345703125  -28.7861289978  0.0046299477
0.7967122197  184.0077362061  6.0306844711  0.0024475551
0.8368037939  152.0824279785  -4.7294073105  -0.0041420120
0.8768116236  198.6171722412  -3.1557414532  -0.0001496531
0.9169139266  232.3230285645  7.3769068718  0.0000470681
0.9572614431  210.1133270264  -0.6393168569  0.0045240982
0.9978509545  246.3271789551  -11.7287960052  0.0027161748
1.0396307707  258.9185180664  -19.4405765533  -0.0001171802
1.0796825886  238.8448486328  -8.1008663177  0.0021350351
1.1199136972  199.0980377197  25.8958988190  -0.0036814115
1.1599656343  121.7886810303  12.9065189362  0.0000970060
1.2165846825  89.6929931641  -2.7520112991  -0.0043727257
1.2566316128  97.5412292480  17.3499317169  -0.0005205222
1.2967152596  173.8522491455  -7.0768842697  -0.0000303048
1.3367826939  218.2814941406  9.3530149460  -0.0003013800
1.3768458366  204.6531829834  13.2114496231  -0.0007572352
1.4169970751  207.1443481445  4.3923702240  0.0005051558
1.4576236010  265.0755310059  0.2785746753  0.0022265418
1.4996634722  244.4938354492  -15.3932905197  0.0000819285
1.5398201942  196.0370941162  -3.5624656677  -0.0010720100
1.5798652172  153.2647247314  -7.8114724159  -0.0002639634
1.6199265718  138.6329650879  9.4197044373  0.0036738890
1.6763296127  140.7644958496  18.3206043243  0.0001180566
1.7164330482  145.4061279297  25.8397865295  0.0006246805
1.7565057278  151.9735107422  12.5978374481  0.0004557265
1.7966121435  160.1941070557  20.0531101227  0.0005679793
1.8366855383  151.5397186279  11.4323720932  0.0002246757
1.8767365217  183.9226837158  7.5255870819  -0.0000432173
1.9167673588  213.3944091797  7.0169339180  0.0003337163
1.9568452835  183.0114746094  3.0758209229  0.0002220687
1.9970442057  247.7137298584  -6.8503608704  -0.0006058261
2.0371167660  264.9572143555  13.8861503601  0.0000127440
2.0771844387  257.1948242188  1.3421416283  -0.0000760677
2.1177315712  241.9981384277  -11.7156190872  -0.0001612011
2.1597836018  251.1395111084  0.7393947244  0.0015304454
2.1998202801  202.5290679932  -12.8973875046  0.0013354714
2.2399554253  126.1875381470  -1.2758798599  -0.0014485040
