0.0540258139  -1617.2153320312  -878.4082031250  -13.7505149841
0.0959567130  1577.8348388672  1222.0350341797  8.4800615311
0.1367078573  1223.5510253906  1650.2087402344  5.2845401764
0.1769970655  -1476.7565917969  -467.2680053711  -8.7795515060
0.2172607929  -3791.8466796875  -1069.8579101562  -14.3537597656
0.2577741146  -290.9334106445  -2884.3581542969  -14.7644519806
0.2981018126  -4067.8835449219  -3629.9211425781  -36.1329040527
0.3385480344  -2052.9416503906  -898.2258911133  -16.4898281097
0.3788452148  -4624.2397460938  -5423.5131835938  -51.4481849670
0.4190464616  -1682.5146484375  -2503.5751953125  -22.6012859344
0.4591552317  -990.0460205078  -479.1254272461  -9.5627679825
0.4992389977  -1458.9694824219  -1059.9851074219  -9.7478961945
0.5394246578  -341.5838317871  -1533.6304931641  -4.6290235519
0.5794798136  971.6066894531  579.2438964844  4.0434989929
0.6197106838  1973.1247558594  1026.6354980469  7.8388690948
0.6598290205  981.0706176758  2448.7453613281  18.5618686676
0.6999021173  2527.0222167969  4059.7651367188  15.2938480377
0.7408302426  2431.1755371094  3378.8713378906  19.7683372498
0.7815129161  1680.1840820312  3211.7893066406  19.9682846069
0.8223885894  1780.2374267578  2571.9731445312  14.3929347992
0.8653721809  3057.8303222656  2215.3857421875  5.4758377075
0.9067414403  1966.5336914062  2783.2226562500  15.0077323914
0.9481502175  2336.8269042969  3825.8674316406  22.7153759003
0.9883641601  3632.6079101562  4354.7250976562  19.7530212402
1.0284776688  3542.6240234375  4044.8920898438  25.9115772247
1.0694174767  3488.5349121094  4864.0585937500  28.1998081207
1.1095910072  1241.3518066406  2297.5759277344  17.5338382721
1.1507201195  1176.2149658203  1307.2218017578  7.9565043449
1.1909706593  484.6401367188  1696.7277832031  2.3725767136
1.2315505743  1760.4482421875  1502.7163085938  5.2973480225
1.2718218565  1733.1418457031  2845.9191894531  11.2849302292
1.3131717443  175.7141723633  727.0592041016  4.4647731781
1.3536790609  1390.3165283203  2042.2972412109  10.2741451263
1.3939077854  1421.1130371094  1589.6286621094  10.2157783508
1.4341914654  1732.3216552734  2971.3952636719  17.4348449707
1.4748996496  817.3911132812  801.9514160156  1.9454252720
1.5150144100  666.1577758789  1339.1485595703  5.0651350021
1.5552245378  2180.1850585938  2708.3728027344  16.7272262573
1.5957963467  2568.1655273438  3448.0915527344  18.6340866089
1.6363713741  2939.6301269531  3521.2758789062  15.0711631775
1.6764508486  2163.9836425781  2316.9392089844  17.8797760010
1.7165199518  761.1655273438  1598.8913574219  16.4949893951
1.7567945719  1713.2854003906  2956.9301757812  9.6356306076
1.7969619036  920.0163574219  1436.4768066406  3.7554070950
1.8371498585  529.8755493164  2317.4326171875  4.4863262177
1.8773217201  -1221.3188476562  -357.4439392090  -3.9366469383
1.9176466465  -620.8245239258  -1754.1669921875  -7.6729717255
1.9577353001  -1311.0926513672  -2914.0739746094  -7.4429974556
1.9977588654  -127.1403961182  -849.1320800781  -1.2890877724
2.0382571220  -56.6304626465  -44.7155761719  -2.6459276676
2.0785734653  414.6552124023  456.6704711914  2.0261855125
2.1187229156  180.0305480957  581.9345092773  3.8673958778
2.1588907242  18.3624877930  -1952.9128417969  -4.4366235733
2.1990156174  -609.0433349609  -1554.6517333984  -2.6738801003
2.2391152382  -1684.7167968750  -905.3396606445  -3.9116022587
2.2792339325  -1032.4101562500  -884.1947021484  -1.8810439110
2.3194212914  -1053.8698730469  -1695.5611572266  -5.2267718315
2.3596022129  55.5769653320  370.6256103516  0.1758867055
2.3996567726  513.0286865234  177.4365234375  1.2156969309
2.4396862984  -750.5616455078  -902.6094360352  -5.7266707420
2.4797227383  959.5928344727  -1030.7448730469  -1.6384812593
2.5197677612  -344.9611816406  -861.7813720703  -1.0934364796
2.5598030090  -2.4583740234  -141.9037628174  1.3572058678
2.5999622345  -443.6477661133  -998.1367797852  -5.4935345650
2.6449747086  -773.9669799805  -2738.4792480469  -6.4829115868
2.6857297421  -2933.1672363281  -3108.2910156250  -17.3896446228
2.7258067131  -1356.7740478516  -2728.1333007812  -10.9242630005
2.7683968544  -1901.1119384766  -1400.2170410156  -8.8051404953
2.8096928596  -1307.2215576172  -2084.9155273438  -10.3423128128
2.8498885632  -2492.2121582031  -739.6726684570  -10.2787036896
2.8903264999  -2316.0771484375  -523.7760620117  -8.4816112518
2.9307162762  -1653.1754150391  -1700.3366699219  -7.3207674026
2.9709494114  -478.7804565430  491.8391418457  -2.3430652618
3.0114793777  -508.1143493652  167.1660766602  -5.5588512421
3.0520262718  -576.3970947266  -159.6633911133  -5.4406323433
3.0922079086  -1516.1599121094  -1325.0225830078  -6.2577810287
3.1326966286  288.4451293945  -301.1968994141  0.5857360363
3.1728925705  724.0675048828  703.2131958008  0.5870018005
3.2131788731  -725.1272583008  337.7008666992  -5.0764446259
3.2537765503  -1204.8647460938  -997.0213623047  -8.4657106400
3.2942295074  -4507.0478515625  -2078.8359375000  -22.6378612518
3.3342969418  -911.9032592773  -2474.1110839844  -13.0026655197
3.3753347397  -2224.5202636719  -2343.3500976562  -13.6683979034
3.4156625271  -1965.2097167969  -1388.5986328125  -12.2552289963
3.4559311867  -2489.5410156250  -1650.7360839844  -15.0870304108
3.4960358143  -1566.0911865234  -1209.2371826172  -10.5824575424
3.5361568928  -1628.4355468750  -1238.6068115234  -11.9591159821
3.5762712955  -154.5325317383  -543.3402099609  -5.3812985420
3.6166329384  -1147.1019287109  -882.4029541016  -6.9610605240
3.6567780972  -534.8422241211  -508.5921630859  -5.2113146782
3.6968400478  -1497.3664550781  -875.0229492188  -8.1804418564
3.7370467186  -2937.0483398438  -1810.2567138672  -14.6416234970
3.7771816254  -1285.1942138672  63.6157836914  -6.9026575089
3.8173995018  1081.4020996094  1091.5823974609  7.1505732536
3.8574726582  -270.6721801758  109.6900405884  -0.6781242490
3.8979148865  -9.8233947754  1477.5124511719  1.9168140888
3.9383013248  -1255.6774902344  -764.3730468750  -7.6184735298
3.9786152840  -2853.2885742188  -2638.4228515625  -19.6031780243
4.0187001228  -292.3193969727  -623.7510986328  -3.4943466187
4.0587630272  -1286.7612304688  -611.9048461914  -4.0531115532
4.0989155769  -2218.5512695312  -2175.3027343750  -17.9390239716
4.1390786171  -647.3583374023  -134.4428405762  -1.9292787313
4.1791715622  -1873.3151855469  -959.5707397461  -9.3051242828
4.2193303108  -3024.7534179688  -3122.1967773438  -21.4654235840
4.2595171928  -879.1207275391  -4368.9355468750  -19.5783939362
4.2995715141  -1170.6174316406  -2208.5034179688  -8.1393184662
4.3397026062  -201.2872314453  -1686.9097900391  -9.8108720779
4.3798203468  -1734.8828125000  -815.0739746094  -8.1498270035
4.4198689461  397.6746215820  -1599.0998535156  -7.6058378220
4.4636988640  -359.6981811523  -1370.1412353516  -7.3850722313
4.5045614243  -1315.6510009766  897.5540161133  -2.9169991016
4.5461206436  -1371.4006347656  -1372.1715087891  -9.6025714874
4.5880298615  -2751.8054199219  -126.3807373047  -10.9713697433
4.6292037964  -1343.3437500000  -1419.8657226562  -12.9289293289
4.6695466042  -472.0950927734  -3641.2075195312  -15.3721208572
4.7103652954  -2813.2292480469  -1670.8471679688  -12.4056568146
4.7520804405  -2938.5720214844  -3061.6005859375  -17.8801250458
4.7925038338  -4095.5083007812  -2135.4765625000  -19.9335308075
4.8327913284  831.1701660156  -2729.1040039062  -8.1160535812
4.8733367920  -11.8088378906  -2056.0439453125  -10.0508699417
4.9140663147  -1783.5134277344  -2462.7353515625  -14.4858846664
4.9550442696  478.3555297852  30.8038330078  0.6909059882
4.9953594208  -725.7459106445  -1145.4984130859  -5.0476951599
5.0356745720  1049.0346679688  711.6349487305  4.4191823006
5.0761466026  214.6649475098  650.5056152344  2.3763682842
5.1162209511  1276.7045898438  1040.2016601562  3.7927155495
5.1567363739  -7.3612823486  -704.0281372070  -1.6418343782
5.1973385811  140.1605987549  -586.5935668945  -2.1551437378
5.2374987602  736.4127197266  282.5840759277  2.5078821182
5.2779283524  -722.7057495117  -679.6897583008  -6.9746675491
5.3183503151  45.1731872559  -1830.1435546875  -5.6993455887
5.3583917618  -1113.2784423828  -325.3645629883  -6.3595662117
5.3986701965  -775.1490478516  -1728.4923095703  -1.8257706165
5.4389557838  -950.8380737305  431.7627563477  -4.6459360123
5.4790978432  -185.2449035645  -680.6029052734  -5.4814233780
5.5191545486  -767.9454345703  520.4393310547  -1.9751806259
5.5592627525  -1076.4841308594  -2027.5479736328  -8.2433242798
5.5996465683  -494.0194702148  -1545.5213623047  -9.7130250931
5.6399154663  1693.6333007812  1990.0031738281  15.1502161026
5.6802806854  -2226.7634277344  -3730.1862792969  -23.4283275604
5.7290201187  213.0741577148  -1141.4221191406  -2.9663999081
5.7705926895  37.4793853760  -214.2663879395  3.1483325958
5.8132805824  -78.6151123047  226.6986389160  0.3519063890
5.8543744087  597.1626586914  2269.1406250000  7.4540534019
5.8950271606  -1525.9530029297  -664.7407226562  -3.0092809200
5.9354190826  -222.0610046387  -759.8652343750  5.3455657959
5.9760408401  24.1795959473  126.6724243164  1.9171916246
6.0161108971  731.5935058594  1118.8747558594  14.9616250992
6.0568008423  1241.8978271484  2656.6848144531  10.4337034225
6.0970177650  22.9148101807  114.3286437988  -1.3218346834
6.1378774643  726.6677246094  1207.0509033203  10.0393724442
6.1779632568  1179.3959960938  1477.2869873047  10.2862501144
6.2183275223  -383.2564697266  274.2742309570  8.5473480225
6.2586169243  -792.6403808594  -164.2911987305  -5.8230023384
6.2988219261  -433.5784606934  -1762.5297851562  7.2557425499
6.3388562202  367.4132080078  660.5809936523  9.7594985962
6.3790831566  2213.4113769531  3712.2670898438  16.1717300415
6.4192066193  -203.9234619141  1212.4616699219  5.1112804413
6.4593458176  876.9008178711  2227.9916992188  8.5948991776
6.4999699593  3772.5478515625  5530.7470703125  33.0543098450
6.5443997383  3776.4128417969  5505.0722656250  18.0290584564
6.5856633186  1577.5528564453  3500.1364746094  26.8364448547
6.6274528503  7390.2558593750  10957.3681640625  109.7754745483
6.6698884964  2062.7690429688  3246.3867187500  19.0071773529
6.7128987312  2283.1452636719  2356.6691894531  22.6827507019
6.7531709671  2053.0383300781  2674.7221679688  13.7262420654
6.7938556671  2097.1545410156  2339.1752929688  23.4536724091
6.8343243599  3065.9016113281  4764.9458007812  34.0952072144
6.8743929863  3750.3007812500  3965.4746093750  14.8758697510
6.9146142006  1948.0015869141  2569.4096679688  19.7138423920
6.9554424286  1444.0313720703  1965.5870361328  11.1640281677
6.9955720901  2585.3496093750  2900.9941406250  17.9325466156
7.0357818604  -1524.9017333984  -1507.9594726562  -4.0263228416
7.0761756897  -140.0908203125  191.4345703125  2.7899556160
7.1163873672  1699.8284912109  2514.7358398438  25.4155731201
7.1577639580  3218.5185546875  2960.0773925781  18.1079063416
7.1979575157  2263.9204101562  3343.2229003906  24.5768127441
7.2389760017  995.0352783203  612.5389404297  8.7623357773
7.2793836594  1739.3131103516  1991.9417724609  12.3028774261
7.3194255829  -89.4807128906  356.6584472656  13.6657629013
7.3597621918  1064.3035888672  1334.6125488281  19.2761783600
7.3998746872  3347.4379882812  3648.6218261719  28.5946998596
7.4449114799  4500.2197265625  4459.4472656250  12.8657970428
7.4871153831  2580.6457519531  3685.0236816406  12.6657829285
7.5299277306  1709.5788574219  2075.8642578125  4.8025555611
7.5705909729  -99.4810791016  316.2895507812  8.9009189606
7.6127805710  2071.4365234375  1415.4875488281  4.8880805969
7.6536626816  1919.2294921875  1716.2274169922  12.9637842178
7.6943230629  1528.3262939453  1794.9833984375  5.2390155792
7.7354626656  1806.1824951172  1990.7595214844  8.2628717422
7.7757191658  1720.0891113281  3752.8989257812  13.7164297104
7.8160037994  1374.6623535156  936.7373657227  4.2076168060
7.8566021919  1057.2551269531  1819.1340332031  3.3635165691
7.8972573280  1080.9508056641  -785.6276245117  0.0183342844
7.9373626709  453.5348510742  1420.6954345703  4.1044883728
7.9778571129  1016.2147216797  1308.2972412109  5.8870363235
8.0182046890  1231.1284179688  2365.8168945312  5.7013654709
8.0584039688  110.5200195312  1818.7529296875  4.9736504555
8.0987939835  22.1776428223  367.4871215820  2.3112125397
8.1389646530  719.4122314453  1037.0865478516  6.0835776329
8.1790256500  1134.8392333984  67.3743515015  0.2804652750
8.2191925049  299.4904479980  -834.8034057617  -0.2002114058
8.2593574524  -979.7855834961  72.6917419434  2.7407462597
8.2995014191  958.3160400391  245.5673828125  3.9540178776
8.3397006989  601.5683593750  446.6086730957  2.7285425663
8.3797168732  1136.7446289062  215.1393432617  3.7987711430
8.4197769165  -249.8922729492  99.8820800781  6.3673052788
8.4599828720  2163.7963867188  1678.9731445312  10.2328166962
8.5030727386  1758.3513183594  758.6552734375  8.5134630203
8.5453472137  581.6641845703  18.2921752930  5.7894401550
8.5872459412  385.8612670898  1757.3869628906  3.5355603695
8.6279897690  2139.9887695312  1657.9345703125  4.2292585373
8.6687698364  333.1057739258  1651.8269042969  6.0396189690
8.7091932297  233.8627471924  -108.8199462891  0.7095257044
8.7498884201  2161.9592285156  2991.5842285156  18.7190837860
8.7906379700  775.5599975586  340.2830200195  2.0265462399
8.8317270279  842.4621582031  585.8959960938  2.1680243015
8.8722057343  -12.5444946289  -77.3561401367  1.9195595980
8.9131345749  150.7408447266  -272.3569946289  4.3274507523
8.9537878036  899.9272460938  831.4367065430  2.6619544029
8.9941453934  254.1422729492  660.6145019531  6.9248323441
9.0354280472  736.3006591797  1349.9045410156  7.6584496498
9.0756292343  563.6364746094  1554.8975830078  5.1561226845
9.1156949997  1060.4790039062  2382.7551269531  8.3216276169
9.1562318802  640.4821777344  944.0731201172  4.9036006927
9.1965990067  643.3244628906  273.7438659668  4.4250020981
9.2366847992  -7.0365753174  680.6354370117  0.7124891281
9.2767658234  344.6835327148  945.9449462891  0.7666867375
9.3171787262  553.5778808594  819.9465942383  4.7198824883
9.3574590683  1545.7066650391  1790.8249511719  8.5768032074
9.3978672028  583.6657104492  1021.6420288086  7.3053331375
9.4381818771  933.0841674805  742.3021240234  9.3341531754
9.4783315659  1312.7233886719  2132.7321777344  7.7908759117
9.5184535980  783.0876464844  996.9261474609  6.1334018707
9.5585393906  1470.2050781250  1246.7681884766  4.8023738861
9.5987081528  718.7764892578  587.4997558594  6.5326466560
9.6388492584  -1047.9824218750  180.1588897705  -1.1647114754
9.6789331436  -373.6837463379  -1347.2119140625  -4.5268812180
9.7190170288  989.7625732422  800.6457519531  2.3540165424
9.7591123581  1376.6680908203  865.7082519531  6.1267471313
9.7992134094  188.8438720703  -31.0314941406  3.5606925488
9.8394174576  1137.7788085938  1649.5565185547  11.4044837952
9.8794965744  -2511.8320312500  -2726.3266601562  -14.9196052551
9.9195127487  380.3447875977  791.1317138672  6.4424166679
9.9596462250  3040.0627441406  2481.4394531250  16.5207080841
9.9997215271  1731.6727294922  701.1491699219  12.7973728180
10.0397863388  848.4195556641  1200.5447998047  2.1132686138
10.0798816681  1699.2210693359  2066.9609375000  15.9109935760
10.1199464798  1787.7613525391  3099.6899414062  8.2156705856
10.1606073380  856.2846679688  1442.3920898438  7.5680909157
10.2074060440  1963.8098144531  1290.3690185547  10.0474157333
10.2490186691  -1896.5263671875  -1951.1284179688  -8.8175239563
10.2894258499  -2633.4431152344  -1361.3345947266  -17.3524761200
10.3301858902  -184.2701721191  618.0348510742  1.4554523230
10.3717107773  -1946.3990478516  -2137.3310546875  -9.0744791031
10.4128742218  1014.4132080078  234.7296142578  4.0014238358
10.4543352127  -1868.3454589844  -2096.4531250000  -11.5556030273
10.4949035645  -37.8287048340  -1639.7922363281  -3.6567265987
10.5355253220  -748.3461914062  -1563.6123046875  -4.8331980705
10.5759630203  1149.4069824219  -139.6762695312  1.6653761864
10.6168060303  1253.3378906250  1967.6423339844  7.6568784714
10.6570253372  -55.3841552734  132.9459533691  2.4873192310
10.6972742081  -938.0068969727  -1628.4672851562  -11.0791378021
10.7375307083  -1995.6259765625  -1732.5042724609  -11.2320299149
10.7777490616  713.5316162109  -28.1890258789  0.5459481478
10.8182506561  -1891.7474365234  -1747.9909667969  -10.7078695297
10.8587999344  -3446.2236328125  -2827.2001953125  -21.5103359222
10.8990621567  -6817.3994140625  -3850.5541992188  -41.7863159180
10.9391822815  -1447.6298828125  -2990.1259765625  -15.2350206375
10.9792652130  -2219.6589355469  -1717.2512207031  -10.4977645874
11.0193748474  -635.6441650391  -102.7163391113  -3.9270403385
11.0595693588  75.0734863281  -1889.2810058594  -8.3925771713
11.0996704102  -2745.8813476562  -2233.0715332031  -15.6070203781
11.1397447586  -1259.4072265625  -868.1419677734  -10.5506868362
11.1797847748  432.1463623047  -1024.1384277344  -4.3310046196
11.2199459076  -48.3798522949  1073.4597167969  0.4997333586
11.2620782852  -735.4382934570  -1156.6369628906  -9.5369062424
11.3066549301  -1152.4649658203  -1409.4289550781  -10.1338586807
11.3470611572  -1336.5247802734  -2553.4445800781  -14.8563957214
11.3886346817  -2194.0407714844  -416.1213378906  -10.1436681747
11.4298982620  -235.1905975342  498.8588562012  -1.6745742559
11.4713296890  -768.3967285156  -1554.6791992188  -4.5843658447
11.5128049850  22.3091278076  186.3005828857  1.7517627478
11.5529966354  -1215.1280517578  -442.8696594238  -5.1598095894
11.5945558548  578.1798095703  -603.5252075195  -2.7066261768
11.6347751617  548.0478515625  -2034.1463623047  -4.9070391655
11.6754541397  -401.3884887695  -2168.6894531250  -5.2916064262
11.7165327072  -397.0452270508  -3190.2036132812  -9.6060962677
11.7567634583  -1232.2313232422  -2888.8503417969  -12.8045539856
11.7972917557  -1116.9667968750  -3403.6159667969  -12.9291620255
11.8375205994  -1052.8293457031  -3308.9528808594  -7.6563663483
11.8781280518  871.8883056641  -158.1325683594  -2.1604523659
11.9182338715  797.5392456055  300.0798950195  5.0851964951
11.9587564468  1235.8341064453  1216.6562500000  7.1507644653
11.9989986420  609.5097045898  686.9671630859  5.3443660736
12.0392560959  960.3251953125  459.1840209961  1.2969462872
12.0793390274  -1949.7623291016  -2257.4379882812  -9.1482868195
12.1194391251  -293.9688415527  -223.4696960449  -0.4813168645
12.1595945358  2392.8161621094  3321.3691406250  16.4303703308
12.1996631622  1198.5678710938  2810.6037597656  4.5532102585
12.2397298813  186.9929504395  -1142.9093017578  -0.8294934034
12.2798042297  -1726.7659912109  -1347.7634277344  -9.0789060593
12.3198471069  579.7784423828  1042.4057617188  1.8819007874
12.3607320786  -277.5476989746  -2251.1669921875  -5.0023179054
12.4054307938  -1890.0280761719  -507.5081176758  -5.9634342194
12.4479646683  -2927.5610351562  50.3746337891  -10.0264434814
12.4905214310  -480.7073059082  -2216.2138671875  -5.1193480492
12.5319757462  -874.2348022461  -1555.4619140625  -11.0200691223
12.5724363327  -8.2011718750  -2626.1447753906  -8.8887567520
12.6130456924  -840.4545898438  -567.5278930664  -6.6074700356
12.6537103653  -415.0838317871  -362.1789855957  -3.1951515675
12.6946125031  -206.7175292969  -1788.5163574219  0.0738822520
12.7353096008  -349.6199035645  -7.2027587891  2.3126394749
12.7759408951  396.5112304688  -2043.9610595703  -5.3837451935
12.8163251877  -54.1373291016  -1950.5606689453  -4.7099285126
12.8566551208  -514.9468994141  -2506.6027832031  -7.8542070389
12.8972244263  -917.9821166992  -3594.8515625000  -7.8831200600
12.9380378723  -582.3275146484  -2984.9765625000  -5.5564928055
12.9783210754  -1195.4074707031  -3672.6489257812  -7.7275123596
13.0184850693  -1953.3685302734  -2285.1408691406  -11.1323137283
13.0585308075  -1418.2821044922  -3002.5209960938  -8.4927721024
13.0986108780  -723.8657226562  -4314.4960937500  -13.2308149338
13.1387729645  -896.9219360352  -2455.7016601562  -8.0808391571
13.1789684296  -4984.5039062500  -3634.8671875000  -25.8144092560
13.2189798355  -2315.0278320312  -4853.6269531250  -18.6172637939
13.2590179443  -2756.5405273438  -3928.2617187500  -22.3822498322
13.2991876602  -3868.7924804688  -5853.3559570312  -34.4594421387
13.3392419815  -1071.0485839844  -1148.1110839844  -6.9040684700
13.3794851303  -851.7407226562  -624.1398925781  -8.4044637680
13.4196681976  -1922.3171386719  -1451.2258300781  -12.5570135117
13.4598093033  -1018.7440185547  -2842.7106933594  -16.9994525909
13.4999961853  91.1343383789  -690.8582153320  -6.8146491051
13.5436229706  -6505.9604492188  -4460.0068359375  -37.1449241638
13.5858640671  -1210.9069824219  -183.3377685547  -2.1870841980
13.6279754639  -417.0186157227  -1241.3748779297  1.3558175564
13.6705770493  -844.0164794922  -725.6621704102  -7.8004918098
13.7126245499  -150.0786132812  -224.6382446289  0.9729797244
13.7528991699  700.6874389648  2127.1657714844  6.4714579582
13.7948884964  648.2521362305  263.4730224609  5.6715693474
13.8353881836  -1499.8946533203  -590.2061767578  -3.6352436543
13.8763198853  1455.1118164062  -141.3326416016  8.8692808151
13.9169225693  982.6608886719  1469.5233154297  10.6475639343
13.9574327469  168.0801391602  352.5936279297  0.5629068613
13.9980239868  488.1913757324  -490.8117675781  0.4958381057
14.0381526947  1049.9150390625  -348.0116577148  2.5748877525
14.0782718658  -112.8182983398  366.6593627930  6.3535914421
14.1183614731  -35.4016418457  -660.1694335938  1.8642811775
14.1584949493  718.0099487305  528.8336181641  4.9783105850
14.1986246109  1412.1633300781  -55.1207885742  4.3688454628
14.2386970520  790.1401367188  -406.6010742188  3.0543386936
14.2788496017  1442.7929687500  76.2101440430  2.9128174782
14.3188886642  1222.2950439453  846.6748046875  8.1813879013
14.3589248657  1464.6752929688  1020.7286376953  5.7262096405
14.3990287781  905.6535034180  270.1736450195  5.8068175316
14.4391717911  2306.3798828125  1729.9738769531  7.2392401695
14.4792366028  2014.3681640625  2481.2109375000  5.8752384186
14.5193758011  2575.7465820312  2176.3129882812  11.9536457062
14.5594463348  2888.9187011719  3383.6484375000  14.5578384399
14.5995588303  4007.0039062500  3804.7248535156  17.6908721924
14.6396160126  1368.2239990234  1920.2329101562  4.8610734940
14.6798200607  2652.2150878906  2595.8041992188  9.3504772186
14.7198877335  1299.2237548828  1082.7818603516  13.3561916351
14.7599430084  2940.2500000000  3583.4216308594  16.7026596069
14.8072233200  2381.5312500000  3035.2084960938  13.2225780487
14.8489236832  1647.1853027344  2849.0620117188  13.3060951233
