0.0162195824  185.8719177246  7.0605692863  0.6102390289
0.0564244799  152.2289428711  2.8788881302  -0.0405417532
0.0965971947  144.5610961914  6.8295049667  -0.1120944619
0.1367072314  168.8208923340  -3.5709452629  -0.0168946981
0.1767565310  232.9395141602  7.4152417183  0.0142056253
0.2170040160  199.4354095459  21.8655185699  -0.0379394144
0.2572197020  221.8724060059  9.2890300751  0.0310038701
0.2972645462  243.9933776855  -7.5172600746  0.0064177793
0.3395289481  259.3568725586  -11.0984888077  0.0075249909
0.3797510862  222.1017303467  5.1206359863  -0.0194238275
0.4198961258  157.1009674072  -0.5637271404  0.0288322270
0.4599044919  190.0261535645  -8.9749383926  -0.0189967919
0.4999682009  131.7806396484  -13.4379682541  0.0049704481
0.5565324426  127.9480972290  -23.8577022552  -0.0014653199
0.5966172218  150.8583679199  -6.2808079720  -0.0015176428
0.6366899014  165.1510925293  -3.1309223175  0.0088135228
0.6767147779  165.0695495605  -1.0660272837  -0.0083411718
0.7167264223  192.7304992676  3.4877145290  0.0003172667
0.7567794919  195.1630554199  -2.8684101105  0.0029858274
0.7967967391  191.4752197266  -3.8695185184  -0.0021764734
0.8368196487  219.2675933838  -4.9722151756  -0.0016760525
0.8770040274  229.3562164307  -13.5368385315  0.0002905253
0.9172414541  241.7872772217  -19.7932357788  0.0003477631
0.9575238824  243.7981872559  2.3533065319  0.0010142408
0.9994686842  406.6141357422  -5.7909259796  0.0020065163
1.0396100283  432.9664611816  2.7365214825  -0.0019357266
1.0796967745  453.4694519043  -9.8082942963  0.0015652634
1.1197463274  410.8630065918  5.7750301361  0.0006550176
1.1598428488  391.0473327637  -20.7445468903  -0.0006889190
1.1999260187  349.0431518555  6.0819478035  -0.0020848948
1.2399371862  332.4572753906  6.0135154724  0.0012949592
1.2812559605  260.2372436523  3.0548284054  -0.0013896787
1.3363792896  265.3928222656  -10.9895639420  0.0005328275
1.3764090538  281.5761108398  8.3254337311  0.0007212274
1.4164967537  304.2572326660  8.2232017517  -0.0004134236
1.4565987587  301.3512878418  -5.6716976166  -0.0008800026
1.4966474771  285.4271240234  -0.6800653338  -0.0011968138
1.5366704464  278.1903991699  6.6593008041  -0.0008902751
1.5767340660  309.0874328613  -3.6835827827  -0.0009088304
1.6167612076  307.6049804688  -0.6004782319  -0.0002610106
