0.0167261567  171.9811706543  -0.0001215278  -0.0000149790
0.0598747469  206.5732727051  0.0000533627  0.0000028898
0.1375272125  181.2355499268  -0.0000963131  -0.0000032270
0.1996382326  207.9407196045  0.0000517028  0.0000013103
0.2598322034  194.5146179199  -0.0000604668  -0.0000012720
0.3365191221  188.9535675049  -0.0001345111  -0.0000023551
0.3967978358  174.9154663086  0.0001036196  0.0000015825
0.4399413466  189.8590698242  0.0005855851  0.0000078993
0.4994794130  208.7873382568  -0.0000859203  -0.0000010176
0.5598652363  192.6979217529  -0.0001197038  -0.0000012933
0.6196195483  174.7637329102  0.0001663158  0.0000017074
0.6774468422  162.2209014893  0.0001164510  0.0000010451
0.7572453618  101.8224945068  0.0000971237  0.0000008202
0.8166044950  147.5792541504  -0.0004530970  -0.0000035122
0.8769918680  140.9502105713  0.0000119789  0.0000000870
0.9373867512  149.7730102539  -0.0001804306  -0.0000012025
1.0170699358  192.5625457764  -0.0003730559  -0.0000023456
1.0573111773  275.4954223633  -0.0000715927  -0.0000004353
1.0999501944  172.0648040771  0.0005321135  0.0000031410
1.1572732925  108.4858703613  0.0000062759  0.0000000351
1.2169995308  176.2495574951  0.0001111897  0.0000005899
1.2599741220  207.6515350342  0.0002483178  0.0000012512
1.3195792437  179.0245666504  -0.0002008629  -0.0000009912
1.3771007061  101.0138320923  -0.0000722836  -0.0000003419
1.4370683432  101.0987930298  -0.0001170274  -0.0000005309
1.4976063967  106.0871276855  -0.0001390471  -0.0000006056
1.5572264194  151.6116180420  0.0002753895  0.0000011333
1.6374958754  107.2717514038  0.0001553479  0.0000006199
1.6969081163  190.2813262939  0.0001826803  0.0000006998
1.7570228577  176.2975463867  0.0004333171  0.0000016079
1.8174974918  142.0856933594  -0.0003651473  -0.0000013159
1.8778467178  163.5790710449  -0.0001096710  -0.0000003763
1.9399164915  187.1590576172  0.0001274443  0.0000004261
2.0172514915  148.8723144531  -0.0000000000  -0.0000000000
2.0768222809  190.5863189697  -0.0002005266  -0.0000006304
2.1198961735  194.0703735352  0.0002204319  0.0000006750
2.1796762943  177.0943145752  0.0001228672  0.0000003704
2.2368457317  176.5247650146  -0.0000892419  -0.0000002614
