0.0167261567  157.2444915771  0.0000929073  0.0000069815
0.1174740419  140.9534912109  -0.0001098584  -0.0000036938
0.2169315964  153.5093078613  0.0000250779  0.0000005788
0.2997999191  176.5227203369  -0.0001646330  -0.0000027337
0.3998486400  170.5612487793  0.0001145961  0.0000015392
0.4994794130  157.6073608398  -0.0000000000  -0.0000000000
0.5978604555  165.2454986572  0.0001061841  0.0000010224
0.6999135017  173.2420501709  -0.0000942875  -0.0000007864
0.7997933030  173.8711700439  -0.0000189397  -0.0000001404
0.8995603919  174.2090606689  0.0000513706  0.0000003425
1.0170699358  152.4893341064  0.0000191443  0.0000001173
1.0999501944  164.0676269531  -0.0000110972  -0.0000000619
1.1995437145  158.7597808838  0.0001538569  0.0000008049
1.2969712019  146.8605651855  0.0000051067  0.0000000247
1.3975428343  140.4241943359  0.0000265291  0.0000001197
1.4976063967  161.6224212646  -0.0000217889  -0.0000000906
1.6167296171  135.9362945557  -0.0002265590  -0.0000008922
1.6996849775  151.4784393311  -0.0001474440  -0.0000005551
1.7975128889  146.5935516357  0.0000480559  0.0000001708
1.8974801302  147.5215148926  0.0000334342  0.0000001131
1.9968234301  127.8057174683  -0.0000334371  -0.0000001075
2.0966989994  146.2148590088  -0.0000191269  -0.0000000586
2.1796762943  159.1083984375  -0.0001263883  -0.0000003738
