8.0364837646  705.6236572266  1513.0710449219  4.4550561905
8.1175661087  -153.2810058594  283.1725158691  -2.4465239048
8.1979904175  -1587.3638916016  -1895.9743652344  -14.2785148621
8.2782125473  -3599.8522949219  -2245.7846679688  -27.8529949188
8.3583621979  -974.3551025391  -1825.3133544922  -15.3293466568
8.4385948181  31.7083129883  19.1624755859  -3.1545882225
8.5186786652  870.7602539062  179.5212402344  2.6843955517
8.5987815857  843.3322143555  904.4558105469  5.5574889183
8.6788606644  1467.3272705078  1842.3393554688  7.8294925690
8.7590093613  564.1489257812  1171.9091796875  6.2649345398
8.8390169144  1211.7768554688  1500.9333496094  5.0329289436
8.9190530777  964.4699096680  1680.2116699219  11.5411367416
8.9991121292  2031.7124023438  2401.2648925781  11.7825002670
9.0792942047  376.1913452148  1234.0496826172  6.4248342514
9.1594400406  730.4528808594  593.3643188477  3.0638749599
9.2397527695  895.4106445312  972.0804443359  4.6912078857
9.3219041824  702.7337036133  906.2885131836  5.0142674446
9.4033098221  176.5972442627  427.3619995117  2.5811505318
9.4844503403  839.8411254883  706.1252441406  8.0526866913
9.5646133423  1611.5457763672  2144.0122070312  11.4817514420
9.6451044083  1273.9114990234  1310.1296386719  7.6262664795
9.7259111404  847.5017700195  931.1558227539  4.2951064110
9.8070611954  -5.7504768372  320.5472412109  0.3011615574
9.8896284103  -415.6366882324  -732.7683105469  -2.9066715240
9.9700336456  -179.7596435547  13.0590820312  -0.8131428361
10.0501461029  369.5664367676  26.4162292480  0.7698053122
10.1312952042  121.6753387451  -139.5995941162  0.1124735400
10.2122354507  -679.5748291016  -286.9654541016  -1.4792139530
10.2928514481  -164.0162963867  -214.7636871338  -0.3653302193
10.3733320236  68.8746948242  287.4444885254  1.5314874649
10.4536151886  -33.2528991699  354.1586608887  0.5307138562
10.5339879990  199.0927734375  -290.3817749023  -1.0207916498
10.6145095825  -449.7164001465  -603.9256591797  -3.2926335335
10.6949520111  -464.0927734375  -411.2360839844  -3.5824370384
10.7750720978  -365.7920532227  -356.8395385742  -2.8119556904
10.8552961349  -707.6635742188  -216.7695770264  -2.3713872433
10.9353904724  -43.7750167847  184.6123657227  -0.1594149619
11.0157022476  -307.9326782227  -227.4090728760  -1.5201742649
11.0964269638  73.1121902466  36.4348335266  -0.1287892014
11.1768646240  -586.6820068359  154.2592620850  -1.4919188023
11.2568769455  -982.7893066406  -1055.0676269531  -6.1289777756
11.3371753693  -49.1740417480  -900.7745361328  -3.3014910221
11.4174375534  -1806.3150634766  -682.4362792969  -8.5974264145
11.4975538254  -315.6602783203  -737.7990722656  -4.4204416275
11.5776481628  -800.1197509766  -726.5274658203  -4.9013118744
11.6580743790  -683.3648681641  -641.5910034180  -4.4503765106
11.7382059097  165.3815612793  -129.4816131592  0.0605029315
11.8184719086  -42.9132385254  -369.0795898438  -0.2660408318
11.8985986710  -590.7594604492  -593.8412475586  -5.8441443443
11.9788255692  -475.4639587402  -725.6807861328  -3.2201690674
12.0589733124  -1121.6467285156  -1237.0389404297  -7.8301262856
12.1389884949  -972.3774414062  -455.2210998535  -5.2994122505
12.2191314697  337.5089721680  -1876.4741210938  -5.7702274323
12.2992277145  -233.2363586426  -620.7246704102  -3.6355204582
12.3794603348  -563.4052734375  -187.8977661133  -4.5856809616
12.4597673416  -140.2639770508  -844.3635253906  -3.9993999004
12.5398292542  -1184.0301513672  -370.9981079102  -5.6849207878
12.6199541092  36.3397827148  -1147.5159912109  -5.9910478592
12.6999759674  -1147.8979492188  -1252.6429443359  -8.0947818756
12.7814397812  -61.2192382812  -1590.4543457031  -6.2806410789
12.8634710312  -929.8596191406  -63.1706237793  -3.8305995464
12.9442186356  126.7152481079  -514.0614013672  -0.9697989821
13.0264129639  475.1125488281  584.4312744141  2.5096149445
13.1084165573  433.3104858398  -139.1030883789  1.1191357374
13.1893787384  -55.6272659302  196.4844207764  0.9579772949
13.2710876465  13.6861419678  -1114.6987304688  -3.6974606514
13.3526573181  -42.3434982300  -655.8188476562  -2.2229030132
13.4337387085  -237.7658691406  -155.9045104980  -2.4769830704
13.5151185989  258.8263549805  -472.3782348633  -1.2446376085
13.5957250595  -143.7355499268  -514.6089477539  -1.8019340038
13.6757802963  -502.8339843750  -362.1113281250  -2.4758436680
13.7562475204  -391.7128295898  -669.4655151367  -1.5270010233
13.8365116119  159.6033020020  959.7518310547  4.4397234917
13.9168405533  472.0402526855  -165.5868835449  2.0828075409
13.9977312088  -69.8263549805  620.4425048828  2.8477833271
14.0778293610  -27.8195495605  679.1866455078  2.5173075199
14.1582078934  595.0858764648  858.0548095703  4.5210537910
14.2384185791  330.2033081055  -376.2694396973  0.7090689540
14.3191175461  2323.3242187500  3481.6086425781  22.3551368713
14.3998460770  1257.1535644531  1532.7126464844  10.8898849487
14.4798774719  1351.8884277344  1692.0837402344  7.5483727455
14.5599708557  1919.1013183594  3096.8349609375  19.8335990906
14.6439189911  966.4638671875  1551.0554199219  15.6408319473
14.7246856689  1803.7006835938  2174.2055664062  14.6611976624
14.8070812225  1301.9023437500  1780.6667480469  8.1114339828
14.8904104233  892.3743896484  935.9469604492  8.2844038010
14.9714879990  403.1344909668  590.2532958984  2.7663149834
15.0533218384  812.5566406250  1140.0198974609  5.6045632362
15.1349935532  1446.5346679688  1275.2548828125  9.5634870529
15.2157316208  1029.0778808594  955.9647827148  7.1291790009
15.2959280014  572.1455078125  1301.9973144531  11.7395362854
15.3763341904  1302.0079345703  1323.5126953125  8.5559549332
15.4571542740  1187.8109130859  1661.5589599609  3.5276405811
15.5379467010  -103.1095581055  511.0497436523  3.6487815380
15.6180410385  1179.4025878906  1322.3463134766  9.3435926437
15.6982355118  708.5074462891  573.6741333008  1.9965065718
15.7783880234  977.7064208984  1123.6635742188  3.3887536526
15.8591814041  375.6080627441  566.6055908203  1.2327202559
15.9393167496  657.4077148438  924.8967285156  4.0580759048
16.0194358826  438.4830932617  371.6383666992  1.8825196028
16.0995807648  395.3522033691  435.2839355469  2.1496250629
16.1796607971  236.2329406738  439.8688049316  3.5006237030
16.2597332001  146.8570861816  253.3936309814  1.9290161133
16.3398265839  351.0129089355  674.4575195312  3.0725114346
16.4199886322  1340.5954589844  602.7413940430  3.4567677975
16.5063953400  180.3148193359  792.4364013672  4.8652381897
16.5881423950  613.7100830078  492.8969726562  2.4343240261
16.6683101654  600.5751953125  652.5036010742  3.4911055565
16.7487144470  858.5708007812  218.3297882080  2.0434851646
16.8288288116  793.6309204102  772.6035766602  3.1047608852
16.9108047485  206.1538696289  209.6338348389  2.5824420452
16.9918422699  995.3729858398  849.6484375000  4.4769878387
17.0726146698  -289.7951049805  -1087.7485351562  -4.2121005058
17.1527633667  139.7499694824  -543.4606933594  0.5563628078
17.2333011627  340.5375366211  61.7343215942  0.6861551404
17.3136196136  -409.0867614746  -393.0444335938  -2.9761903286
17.3948974609  -1423.7812500000  -864.8588867188  -8.2283725739
17.4753208160  -1625.0950927734  -1636.8244628906  -11.0736360550
17.5559520721  -321.5785217285  -262.5487976074  -2.3863446712
17.6360607147  -417.3624267578  -1580.7373046875  -6.7443737984
17.7166118622  -390.8180236816  -215.6927490234  -1.5905251503
17.7966766357  -888.8729248047  -1625.7595214844  -7.0557627678
17.8776397705  -1071.1741943359  -1275.0438232422  -6.3166480064
17.9578113556  434.1126098633  -401.0778808594  -1.2995927334
18.0379085541  -51.1212005615  -416.4652099609  -0.5095565915
18.1180400848  -38.6931762695  -612.7465820312  -2.6049778461
18.1981525421  -29.2551879883  -1444.8693847656  -3.2134451866
18.2785873413  -448.6661987305  -1042.0572509766  -1.3546026945
18.3586406708  -81.6406555176  -1569.4072265625  -3.8848812580
18.4387702942  -463.2615966797  -1176.0533447266  -2.4636323452
18.5188579559  -953.9771118164  -1725.1518554688  -6.5730767250
18.5989437103  -310.0523376465  -1430.5933837891  -4.4575271606
18.6790008545  105.0610961914  -606.4891357422  -1.3655599356
18.7590808868  -387.2732238770  -828.7330322266  -0.6058115363
18.8391208649  -229.7504272461  -64.9605102539  1.4200572968
18.9191551208  732.5318603516  587.6223754883  2.9457325935
18.9992599487  745.8879394531  767.5627441406  8.0976800919
19.0793285370  653.7922363281  574.2882690430  1.7427655458
19.1593761444  991.5335693359  1024.3649902344  3.9522557259
19.2394142151  902.2089843750  1022.3803100586  5.1115970612
19.3195934296  1128.8499755859  1519.7011718750  8.1962118149
19.3996791840  666.7643432617  583.1466674805  3.1109824181
