0.016726156 3 130 0
0.016973801 0 130 1
0.037127985 6 130 0
0.039908611 3 130 1
0.057455069 9 130 0
0.059874747 6 130 1
0.076429801 12 130 0
0.079777501 9 130 1
0.096820511 15 130 0
0.117474039 18 130 0
0.137527211 21 130 0
0.139904255 18 130 1
0.156904401 24 130 0
0.159902193 21 130 1
0.176820437 27 130 0
0.197138443 30 130 0
0.199638235 27 130 1
0.216931591 33 130 0
0.219861719 30 130 1
0.236993159 36 130 0
0.257169953 39 130 0
0.259832211 36 130 1
0.277684447 42 130 0
0.279651591 39 130 1
0.297618419 45 130 0
0.299799913 42 130 1
0.317013829 48 130 0
0.336519113 51 130 0
0.339879573 48 130 1
0.357040127 54 130 0
0.377452957 57 130 0
0.396797839 60 130 0
0.399848627 57 130 1
0.417033823 63 130 0
0.419954215 60 130 1
0.437512671 66 130 0
0.439941343 63 130 1
0.457731091 69 130 0
0.477190077 72 130 0
0.479436647 69 130 1
0.496564464 75 130 0
0.499479403 72 130 1
0.516949355 78 130 0
0.519725397 75 130 1
0.537359963 81 130 0
0.556748977 84 130 0
0.559865235 81 130 1
0.576974173 87 130 0
0.579990445 84 130 1
0.597860437 90 130 0
0.599565041 87 130 1
0.617371851 93 130 0
0.619619527 90 130 1
0.637331193 96 130 0
0.656494854 99 130 0
0.659693595 96 130 1
0.677446867 102 130 0
0.697010673 105 130 0
0.699913515 102 130 1
0.71625767 108 130 0
0.736571071 111 130 0
0.757245335 114 130 0
0.777548885 117 130 0
0.796786243 120 130 0
0.799793299 117 130 1
0.816604485 123 130 0
0.836794579 126 130 0
0.857259899 129 130 0
0.876991881 132 130 0
0.896882309 135 130 0
0.899560387 132 130 1
0.917368155 138 130 0
0.937386723 141 130 0
0.956792957 144 130 0
0.976342046 147 130 0
0.997605209 150 130 0
1.017069987 153 130 0
1.019504859 150 130 1
1.03674781 156 130 0
1.057167259 159 130 0
1.057311211 153 130 1
1.059899971 156 130 1
1.077607877 162 130 0
1.079485875 159 130 1
1.097338445 165 130 0
1.099950165 162 130 1
1.116589463 168 130 0
1.136689219 171 130 0
1.139978913 168 130 1
1.157273349 174 130 0
1.177433525 177 130 0
1.1795005889999999 174 130 1
1.196815159 180 130 0
1.199543703 177 130 1
1.216999519 183 130 0
1.219992121 180 130 1
1.237382073 186 130 0
1.239955943 183 130 1
1.257490397 189 130 0
1.259974069 186 130 1
1.276765874 192 130 0
1.279921273 189 130 1
1.2969712150000001 195 130 0
1.317398137 198 130 0
1.319579245 195 130 1
1.337463349 201 130 0
1.339517005 198 130 1
1.3565407600000001 204 130 0
1.359804283 201 130 1
1.377100663 207 130 0
1.397542855 210 130 0
1.417018669 213 130 0
1.419984493 210 130 1
1.437068333 216 130 0
1.456892563 219 130 0
1.476945049 222 130 0
1.4797197930000001 219 130 1
1.497606453 225 130 0
1.516523903 228 130 0
1.519939229 225 130 1
1.536647886 231 130 0
1.5399544170000001 228 130 1
1.5572264649999998 234 130 0
1.577471903 237 130 0
1.596822985 240 130 0
1.6167295959999999 243 130 0
1.637495889 246 130 0
1.657371143 249 130 0
1.659963105 246 130 1
1.676920917 252 130 0
1.679908441 249 130 1
1.696908131 255 130 0
1.699684975 252 130 1
1.717638055 258 130 0
1.737489379 261 130 0
1.7570228490000002 264 130 0
1.7599050250000001 261 130 1
1.776800375 267 130 0
1.779779367 264 130 1
1.797512873 270 130 0
1.817497439 273 130 0
1.819825265 270 130 1
1.836701185 276 130 0
1.839732991 273 130 1
1.856959971 279 130 0
1.859851061 276 130 1
1.8778467110000001 282 130 0
1.897480105 285 130 0
1.899608763 282 130 1
1.9168859729999999 288 130 0
1.936633158 291 130 0
1.9399164469999999 288 130 1
1.957184497 294 130 0
1.9772291229999999 297 130 0
1.979812859 294 130 1
1.996823453 300 130 0
2.017251515 303 130 0
2.037349045 306 130 0
2.057554579 309 130 0
2.076822211 312 130 0
2.079958307 309 130 1
2.096699101 315 130 0
2.117398225 318 130 0
2.119896167 315 130 1
2.137376923 321 130 0
2.139997319 318 130 1
2.156748555 324 130 0
2.159713745 321 130 1
2.177158953 327 130 0
2.179676207 324 130 1
2.197250063 330 130 0
2.199735415 327 130 1
2.217600081 333 130 0
2.219929711 330 130 1
2.236845683 336 130 0
2.239797193 333 130 1
2.2569824609999998 339 130 0
2.259984209 336 130 1
2.277002889 342 130 0
2.279919107 339 130 1
2.296872823 345 130 0
