0.016314284 5 128 0
0.016413388 0 129 1
0.016488305 1 133 1
0.016543559 4 129 0
0.016593933 3 133 0
0.016677021 6 130 0
0.016687175 0 128 1
0.016687377 0 127 1
0.01669409 0 132 1
0.016706782 6 128 0
0.016732638 5 132 0
0.016755963 0 133 1
0.016790109 4 131 0
0.016828167 5 129 0
0.016829203 4 127 0
0.016859211 4 133 0
0.016872685 5 131 0
0.016884117 4 128 0
0.016910385 6 132 0
0.016915101 3 127 0
0.016947681 0 131 1
0.016950591 1 127 1
0.017005933 5 130 0
0.017061835 6 131 0
0.017098899 4 132 0
0.017234487 7 130 0
0.017486123 6 129 0
0.036515644 2 130 1
0.036522045 9 129 0
0.036541268 2 129 1
0.036583459 7 129 0
0.036642544 3 131 1
0.036646762 1 131 1
0.036662169 7 133 0
0.036707222 7 127 0
0.036710556 6 133 0
0.036711763 8 132 0
0.036753398 8 130 0
0.036757214 1 129 1
0.036764618 2 132 1
0.036791105 3 128 1
0.036805801 2 128 1
0.036807449 8 131 0
0.036857501 7 131 0
0.036871821 9 131 0
0.036877847 7 128 0
0.036896849 8 128 0
0.036904201 0 130 1
0.036914509 8 129 0
0.036926537 1 128 1
0.036943997 1 130 1
0.036973879 7 132 0
0.037017685 9 130 0
0.037051531 3 132 1
0.037061377 2 131 1
0.037101213 9 128 0
0.037129249 6 127 0
0.037464347 10 130 0
0.037606007 3 129 1
0.037641789 1 132 1
0.037691981 9 132 0
0.056448109 12 131 0
0.056627134 11 131 0
0.056643183 10 128 0
0.05664378 10 133 0
0.056666714 10 132 0
0.056707014 10 129 0
0.056716641 3 130 1
0.056762397 12 130 0
0.056815063 11 132 0
0.056858051 10 131 0
0.056865745 11 130 0
0.056876661 9 127 0
0.056877547 10 127 0
0.056959423 12 128 0
0.057009793 12 129 0
0.057031165 11 128 0
0.057537573 9 133 0
0.057587331 13 130 0
0.057620587 4 130 1
0.057689337 11 129 0
0.057776575 12 132 0
0.059589899 6 127 1
0.059624543 6 132 1
0.059715737 4 131 1
0.059826127 4 128 1
0.059889501 5 131 1
0.059902203 7 133 1
0.059995879 7 127 1
0.059996153 6 131 1
0.076537372 12 127 0
0.076544659 13 133 0
0.076591057 14 128 0
0.076634083 15 128 0
0.076652138 14 131 0
0.07666426 14 130 0
0.076776968 13 132 0
0.076863165 13 129 0
0.076883355 13 127 0
0.076916445 16 130 0
0.076942673 15 130 0
0.076946717 15 132 0
0.077093543 15 131 0
0.077128189 12 133 0
0.077136429 13 131 0
0.077147639 14 129 0
0.077265261 15 129 0
0.077399557 14 132 0
0.077434605 13 128 0
0.079594161 7 130 1
0.079616619 7 128 1
0.079752103 7 131 1
0.079833475 8 130 1
0.079845669 10 127 1
0.079853407 7 132 1
0.079888371 9 128 1
0.079937157 8 128 1
0.079955019 6 130 1
0.096531753 17 130 0
0.096533818 16 133 0
0.096644899 18 132 0
0.096652236 18 128 0
0.096669406 17 128 0
0.096687023 18 131 0
0.096718215 15 133 0
0.096718794 16 129 0
0.096744667 16 131 0
0.096779727 18 130 0
0.096793747 17 132 0
0.096794457 16 128 0
0.096922891 17 129 0
0.097053969 16 132 0
0.097060215 16 127 0
0.097230229 17 131 0
0.097321505 15 127 0
0.097404279 19 130 0
0.098214157 18 129 0
0.099351173 11 128 1
0.099441999 11 129 1
0.099797309 11 131 1
0.099806889 11 132 1
0.099869019 10 129 1
0.099923039 12 128 1
0.099934385 10 132 1
0.099963649 12 132 1
0.099994455 13 127 1
0.104398609 10 131 1
0.116408131 19 127 0
0.116424047 21 131 0
0.11646182 18 133 0
0.116593444 20 132 0
0.11661149 20 130 0
0.116705724 22 130 0
0.116730637 20 129 0
0.116776825 20 131 0
0.116791611 19 132 0
0.116859261 19 129 0
0.116878013 21 128 0
0.116931601 18 127 0
0.116949283 21 129 0
0.117029647 19 131 0
0.117223883 20 128 0
0.117360713 19 128 0
0.117375967 19 133 0
0.117584765 21 132 0
0.117857601 21 130 0
0.119433721 15 131 1
0.119691625 13 129 1
0.119703837 14 129 1
0.119719437 15 132 1
0.119728369 15 129 1
0.119809185 16 133 1
0.119860945 12 130 1
0.119926891 14 130 1
0.119979687 13 132 1
0.125298048 14 131 1
0.136016624 15 128 1
0.136198119 23 131 0
0.136520825 23 130 0
0.136587244 21 133 0
0.136634744 22 132 0
0.136643702 23 132 0
0.13673099 24 131 0
0.136896209 21 127 0
0.136897997 23 128 0
0.136899585 24 130 0
0.136943427 22 127 0
0.136961943 24 128 0
0.136969387 22 129 0
0.137036101 22 128 0
0.137271695 23 129 0
0.137548999 22 133 0
0.137656633 24 129 0
0.137681251 25 130 0
0.137698623 24 132 0
0.137794151 22 131 0
0.139664913 18 129 1
0.139693021 17 129 1
0.139794623 16 128 1
0.139855553 18 127 1
0.139861633 15 130 1
0.139903893 16 132 1
0.139927435 16 130 1
0.139991711 17 132 1
0.139998665 19 133 1
0.144704537 18 131 1
0.156483007 26 129 0
0.156560094 26 130 0
0.156681937 27 128 0
0.156718629 26 128 0
0.156741797 25 131 0
0.156776074 26 132 0
0.156792649 24 133 0
0.156866915 25 127 0
0.156868547 25 133 0
0.156872347 24 127 0
0.156897831 27 130 0
0.156935435 25 128 0
0.156967047 27 132 0
0.157010453 25 129 0
0.157186111 27 131 0
0.157366979 26 131 0
0.157450965 28 130 0
0.157479705 27 129 0
0.157490083 25 132 0
0.159444903 17 130 1
0.159540251 21 128 1
0.159614205 19 131 1
0.159664759 18 130 1
0.159785917 19 130 1
0.159812241 19 132 1
0.159818019 19 129 1
0.159848621 20 131 1
0.159873631 21 127 1
0.159901703 21 133 1
0.159915117 20 128 1
0.159998519 20 129 1
0.176539128 30 128 0
0.176568712 28 128 0
0.176586383 30 130 0
0.176607433 29 131 0
0.176664181 30 132 0
0.176665529 30 131 0
0.176688611 29 130 0
0.176727754 28 133 0
0.176759428 28 129 0
0.176775854 29 129 0
0.176776181 28 131 0
0.176821815 28 127 0
0.176870037 27 133 0
0.176895391 29 132 0
0.176904997 29 128 0
0.176939585 27 127 0
0.177035243 31 130 0
0.177101595 28 132 0
0.177740679 30 129 0
0.179386645 24 128 1
0.179537257 23 128 1
0.179676987 22 129 1
0.179735711 24 133 1
0.179753875 23 129 1
0.179771967 23 132 1
0.179874793 24 127 1
0.179945467 24 129 1
0.179979363 22 128 1
0.179994941 24 131 1
0.196413428 31 127 0
0.196469118 31 128 0
0.196506193 32 132 0
0.196619924 31 131 0
0.196654374 32 131 0
0.196716396 30 127 0
0.196776929 33 130 0
0.196830621 33 129 0
0.196840969 30 133 0
0.196847213 31 133 0
0.196895479 32 129 0
0.196898235 31 129 0
0.196980875 33 131 0
0.196995073 32 130 0
0.197082835 33 128 0
0.197108789 32 128 0
0.197225873 31 132 0
0.197493705 33 132 0
0.197971031 34 130 0
0.199355539 27 131 1
0.199477733 24 130 1
0.199515793 25 132 1
0.199702495 27 133 1
0.199758349 26 132 1
0.199884609 26 131 1
0.199931843 25 129 1
0.199951331 27 132 1
0.199969275 27 129 1
0.199995255 26 129 1
0.216492273 36 131 0
0.216573562 34 127 0
0.216582423 35 131 0
0.216610748 34 133 0
0.216637253 35 132 0
0.216643163 35 128 0
0.216733723 33 127 0
0.216781931 36 130 0
0.216814097 34 129 0
0.216842167 34 132 0
0.216862975 35 129 0
0.216942407 35 130 0
0.217009523 34 128 0
0.217065867 36 129 0
0.217084495 34 131 0
0.217173485 36 128 0
0.217534417 33 133 0
0.217570175 37 130 0
0.217659215 36 132 0
0.219547499 29 128 1
0.219574307 27 130 1
0.219786745 28 131 1
0.219897363 29 132 1
0.219899177 31 133 1
0.219965087 30 129 1
0.219974035 30 127 1
0.219990893 30 133 1
0.219994227 28 130 1
0.236325817 39 132 0
0.236433547 37 132 0
0.236603873 37 129 0
0.236642008 36 127 0
0.236678803 40 130 0
0.23672654 38 131 0
0.236741658 37 133 0
0.236749081 39 128 0
0.236778385 38 130 0
0.236896365 39 130 0
0.236945899 39 131 0
0.236965425 38 128 0
0.236974257 38 129 0
0.237208705 37 127 0
0.237241711 37 131 0
0.237263615 39 129 0
0.237293741 37 128 0
0.237394319 36 133 0
0.237639167 38 132 0
0.239475685 33 131 1
0.239707927 31 129 1
0.239752279 32 128 1
0.239792287 33 129 1
0.239826521 33 133 1
0.239951125 31 132 1
0.239957829 31 130 1
0.239980981 32 129 1
0.256391876 41 130 0
0.256392624 41 132 0
0.256495358 41 128 0
0.256545249 40 131 0
0.256561054 42 130 0
0.25659636 41 129 0
0.256696022 39 133 0
0.256697147 42 131 0
0.256700963 42 132 0
0.256724827 40 133 0
0.256749938 40 129 0
0.25676132 42 128 0
0.256952113 40 128 0
0.256996979 40 132 0
0.257097355 39 127 0
0.257248279 43 130 0
0.257250969 40 127 0
0.257262881 41 131 0
0.258228393 42 129 0
0.259514771 34 128 1
0.259572365 37 127 1
0.259770587 36 129 1
0.259842373 34 132 1
0.259862627 36 131 1
0.259882343 35 130 1
0.259912953 33 130 1
0.259938143 34 130 1
0.259942905 36 133 1
0.264997441 36 127 1
0.265867604 34 129 1
0.275903918 44 129 0
0.276442215 45 128 0
0.276622937 43 132 0
0.276631936 44 131 0
0.276688983 43 129 0
0.276732387 45 131 0
0.276755438 44 132 0
0.276819419 43 127 0
0.276868477 43 131 0
0.276917637 42 127 0
0.276943145 46 130 0
0.276946463 43 128 0
0.276961179 44 128 0
0.276970349 42 133 0
0.276988071 44 130 0
0.276995443 45 129 0
0.277071447 45 130 0
0.277173549 43 133 0
0.277943231 45 132 0
0.279647395 38 128 1
0.279794279 40 127 1
0.279870209 37 128 1
0.279893209 38 130 1
0.279927909 36 130 1
0.279965333 39 127 1
0.296561735 48 131 0
0.296586585 47 132 0
0.296618343 48 128 0
0.296618516 48 130 0
0.29667102 46 132 0
0.296689724 47 130 0
0.296831467 47 131 0
0.296847717 46 129 0
0.296849227 45 133 0
0.296861173 45 127 0
0.296872515 47 128 0
0.297178991 46 127 0
0.297247105 47 129 0
0.297286681 46 133 0
0.297334195 48 129 0
0.297473971 46 128 0
0.297755369 48 132 0
0.297912309 49 130 0
0.297932097 46 131 0
0.299422351 43 127 1
0.299606903 39 130 1
0.299651741 42 129 1
0.299728341 42 133 1
0.299795537 41 131 1
0.299843323 42 128 1
0.299848601 40 128 1
0.299881075 42 132 1
0.299894985 41 128 1
0.299909159 42 127 1
0.299954229 40 129 1
0.312043043 40 132 1
0.316456162 50 129 0
0.316578155 51 128 0
0.316593706 48 127 0
0.316608389 51 131 0
0.316648568 51 130 0
0.316745316 50 132 0
0.316750991 50 128 0
0.316772798 48 133 0
0.316779405 49 133 0
0.316816325 49 129 0
0.316856537 49 127 0
0.316863843 49 128 0
0.316917325 49 131 0
0.316922007 50 130 0
0.317117833 51 132 0
0.317299907 50 131 0
0.317331719 52 130 0
0.317538085 49 132 0
0.317875479 51 129 0
0.319604375 45 132 1
0.319612969 44 130 1
0.319774269 45 127 1
0.319817351 44 132 1
0.319820365 43 130 1
0.319867489 43 131 1
0.319956955 45 133 1
0.319959127 44 128 1
0.319962651 45 131 1
0.319965055 44 131 1
0.336290417 53 132 0
0.336330794 52 133 0
0.336420224 54 130 0
0.336421757 54 132 0
0.336502349 53 128 0
0.336657631 52 129 0
0.336679882 53 129 0
0.336699269 54 128 0
0.336876967 52 131 0
0.336928631 52 128 0
0.336942461 51 133 0
0.336977811 54 131 0
0.337035301 53 131 0
0.337061571 53 130 0
0.337078871 51 127 0
0.337107997 55 130 0
0.337123791 52 127 0
0.337339809 52 132 0
0.337496141 54 129 0
0.339657859 49 133 1
0.339842159 48 127 1
0.339858845 46 130 1
0.339866893 46 128 1
0.339896033 47 131 1
0.339896895 47 128 1
0.339905151 46 131 1
0.339912861 47 130 1
0.356365344 55 128 0
0.356397315 57 129 0
0.356496312 55 133 0
0.356502842 55 129 0
0.356546321 56 131 0
0.356577879 55 127 0
0.356612604 56 132 0
0.356714225 54 133 0
0.356819207 57 130 0
0.356853247 55 131 0
0.356863419 56 128 0
0.356892481 57 128 0
0.356905827 54 127 0
0.356908605 56 129 0
0.356910907 56 130 0
0.356911925 55 132 0
0.356959155 57 131 0
0.357507865 58 130 0
0.357660553 57 132 0
0.359590585 51 133 1
0.359659963 51 127 1
0.359750717 52 127 1
0.359774103 51 129 1
0.359831495 49 131 1
0.359839869 50 131 1
0.359874065 50 130 1
0.359933971 51 132 1
0.359998441 50 128 1
0.376277798 58 129 0
0.376377198 59 132 0
0.376384014 60 130 0
0.376416406 58 128 0
0.37648826 59 131 0
0.376545073 58 127 0
0.376704182 58 132 0
0.376743838 59 128 0
0.376792269 60 131 0
0.376823825 57 127 0
0.376887993 60 129 0
0.376959279 58 131 0
0.376984843 59 130 0
0.377014811 58 133 0
0.377028247 60 128 0
0.377230731 57 133 0
0.377402713 61 130 0
0.377514455 60 132 0
0.377567343 59 129 0
0.379342563 53 131 1
0.379581801 52 128 1
0.379910129 53 130 1
0.379960873 52 131 1
0.379965115 54 127 1
0.379985483 54 133 1
0.396412826 62 128 0
0.396432256 62 131 0
0.396495904 60 127 0
0.396514521 61 133 0
0.396520187 63 130 0
0.396527273 54 131 1
0.39652852 63 132 0
0.396710467 63 131 0
0.396718268 62 130 0
0.396728931 63 128 0
0.396757029 61 127 0
0.396821951 61 132 0
0.396980805 61 131 0
0.397019323 61 129 0
0.397064293 62 129 0
0.397157073 64 130 0
0.397198111 61 128 0
0.397355761 60 133 0
0.397380631 63 129 0
0.397385205 62 132 0
0.399396441 55 130 1
0.399604143 55 131 1
0.399645051 58 133 1
0.399693813 57 131 1
0.399716007 57 128 1
0.399861057 55 132 1
0.399919439 56 129 1
0.414139693 57 132 1
0.416353347 66 128 0
0.416447124 65 130 0
0.416511154 65 128 0
0.416636661 65 132 0
0.416669714 66 130 0
0.416673089 64 128 0
0.416687602 65 129 0
0.416691782 66 131 0
0.416708203 66 132 0
0.416750964 64 133 0
0.416797459 63 133 0
0.416815491 64 131 0
0.416940039 64 129 0
0.417032245 67 130 0
0.417063767 63 127 0
0.417064923 64 132 0
0.417250891 64 127 0
0.417363645 65 131 0
0.417816275 66 129 0
0.419800545 59 129 1
0.419823929 60 133 1
0.419850035 58 132 1
0.419852995 59 128 1
0.42008132 58 131 1
0.436421081 68 129 0
0.43656175 68 130 0
0.43659039 67 132 0
0.436665022 68 132 0
0.43667181 66 133 0
0.436675454 68 131 0
0.436678522 67 127 0
0.436679865 67 129 0
0.436702715 70 130 0
0.436714158 69 129 0
0.436816125 68 128 0
0.436824813 69 131 0
0.436862521 69 128 0
0.436876133 67 131 0
0.436993087 66 127 0
0.437385719 69 132 0
0.437394721 60 127 1
0.437415291 67 133 0
0.437514641 67 128 0
0.437625733 69 130 0
0.439593041 61 129 1
0.439774891 63 128 1
0.439814817 63 133 1
0.439873483 61 128 1
0.439899643 61 132 1
0.439922425 62 130 1
0.439996613 64 133 1
0.439999437 61 130 1
0.456237797 71 128 0
0.456454459 71 132 0
0.456476038 72 131 0
0.456619562 70 132 0
0.456660071 72 130 0
0.45672134 72 128 0
0.456775954 71 131 0
0.456852017 70 129 0
0.456877689 71 130 0
0.456951997 69 127 0
0.456969809 70 127 0
0.457000465 69 133 0
0.457205355 71 129 0
0.457441465 72 129 0
0.457503219 70 128 0
0.457566933 70 133 0
0.457755519 70 131 0
0.457775799 72 132 0
0.458104385 73 130 0
0.459615989 64 130 1
0.459787495 65 129 1
0.459876691 65 131 1
0.459905235 64 129 1
0.459911271 65 132 1
0.459963723 66 132 1
0.459967033 64 128 1
0.474735419 66 133 1
0.476432902 72 127 0
0.476476483 74 128 0
0.476499466 73 133 0
0.476586959 73 131 0
0.476602821 75 131 0
0.476616702 72 133 0
0.476628486 74 129 0
0.476738061 75 130 0
0.47674756 74 130 0
0.476762027 74 132 0
0.476818885 73 129 0
0.476838883 75 128 0
0.476868299 73 127 0
0.477106433 73 128 0
0.477108307 75 132 0
0.477373163 74 131 0
0.477503249 73 132 0
0.477645583 75 129 0
0.477887981 76 130 0
0.479595181 70 127 1
0.479599333 69 133 1
0.479773311 67 131 1
0.479829571 67 128 1
0.479852633 66 130 1
0.479858025 69 127 1
0.479861981 67 132 1
0.479867595 69 128 1
0.479886341 67 130 1
0.479933835 69 131 1
0.494243959 69 129 1
0.496313112 76 128 0
0.496351392 76 129 0
0.496443001 77 132 0
0.496445546 78 132 0
0.496604544 78 130 0
0.496609825 77 131 0
0.49667453 75 133 0
0.496722689 76 131 0
0.496736272 76 133 0
0.496742957 78 128 0
0.496790687 77 129 0
0.496817339 77 128 0
0.496818641 79 130 0
0.496836899 76 127 0
0.496840435 78 131 0
0.496885813 75 127 0
0.496994011 77 130 0
0.497112875 76 132 0
0.497900117 78 129 0
0.498662625 64 132 1
0.499688113 71 130 1
0.499729149 70 130 1
0.499787767 70 131 1
0.499797269 70 128 1
0.499887791 72 132 1
0.499914981 73 127 1
0.499927895 72 128 1
0.499956655 70 129 1
0.499974819 71 131 1
0.516440744 80 131 0
0.516477541 79 133 0
0.51654654 79 128 0
0.516662044 79 131 0
0.516667082 79 127 0
0.516688452 80 132 0
0.51670601 78 133 0
0.516827431 80 128 0
0.516909489 81 131 0
0.516918199 80 130 0
0.516939619 79 132 0
0.516941415 81 129 0
0.516964207 81 130 0
0.517078589 79 129 0
0.517101083 78 127 0
0.517148035 81 128 0
0.517236107 80 129 0
0.517819433 81 132 0
0.517842725 82 130 0
0.519568469 74 129 1
0.519607571 74 131 1
0.519714549 75 128 1
0.519826433 75 132 1
0.519876361 73 128 1
0.519878355 73 130 1
0.519934117 75 129 1
0.519938499 75 127 1
0.519947569 76 133 1
0.519958217 73 129 1
0.519970247 74 132 1
0.536190986 83 131 0
0.536388422 84 131 0
0.536456334 82 133 0
0.536506211 84 130 0
0.536636811 83 132 0
0.536694382 82 129 0
0.536716317 82 132 0
0.536729784 84 129 0
0.53675375 82 127 0
0.536823191 82 128 0
0.536843799 82 131 0
0.536869019 81 127 0
0.536929103 83 128 0
0.537145629 83 130 0
0.537232051 84 128 0
0.537410699 81 133 0
0.537444655 83 129 0
0.537643603 85 130 0
0.537995427 84 132 0
0.539476859 76 130 1
0.539508679 78 128 1
0.539734869 78 127 1
0.539741375 78 129 1
0.539812867 75 130 1
0.539830359 76 131 1
0.539867135 77 129 1
0.539921989 77 130 1
0.539981507 77 131 1
0.539984335 78 133 1
0.539985369 79 133 1
0.556332502 84 127 0
0.556584783 86 130 0
0.556588113 86 131 0
0.556710842 86 128 0
0.556718824 85 129 0
0.556788147 87 132 0
0.556792009 87 128 0
0.556895709 87 130 0
0.556901903 85 133 0
0.556903875 85 132 0
0.556910951 87 131 0
0.557012931 88 130 0
0.557035833 85 127 0
0.557091635 85 131 0
0.557250999 84 133 0
0.557255699 87 129 0
0.557257695 85 128 0
0.557371105 86 129 0
0.557467959 86 132 0
0.559444733 81 131 1
0.559641449 81 129 1
0.559653949 80 129 1
0.559736895 79 129 1
0.559770575 81 127 1
0.559773199 82 127 1
0.559804543 81 128 1
0.559850163 80 130 1
0.559872827 80 128 1
0.559878429 81 133 1
0.559955905 78 130 1
0.576591037 89 130 0
0.576595067 87 133 0
0.576652681 89 128 0
0.576673659 89 132 0
0.576687474 88 133 0
0.576711082 88 129 0
0.576750388 89 129 0
0.576777807 88 128 0
0.576848297 90 132 0
0.576866383 88 131 0
0.576905169 90 130 0
0.576939035 90 131 0
0.577005623 90 128 0
0.577037571 91 130 0
0.577134627 88 132 0
0.577163171 88 127 0
0.577291499 87 127 0
0.577401097 89 131 0
0.577526347 81 132 1
0.577967385 90 129 0
0.579608831 85 133 1
0.579663389 82 128 1
0.579697133 83 130 1
0.579727579 83 128 1
0.579785591 82 130 1
0.579837583 84 128 1
0.579842925 83 129 1
0.579926849 83 132 1
0.583704495 82 131 1
0.596377613 93 131 0
0.596406734 92 129 0
0.596470794 91 132 0
0.596504783 92 130 0
0.596562024 91 127 0
0.596602811 91 129 0
0.596609151 90 133 0
0.596622485 92 131 0
0.596654259 91 131 0
0.596655359 94 130 0
0.596717119 93 128 0
0.596795563 92 132 0
0.596952447 91 133 0
0.596982839 93 129 0
0.597066369 92 128 0
0.597105391 90 127 0
0.597181163 91 128 0
0.597244219 93 132 0
0.597828201 93 130 0
0.599580209 85 132 1
0.599655455 86 129 1
0.599738303 87 132 1
0.599760071 85 128 1
0.599782375 86 128 1
0.599798569 87 127 1
0.599828987 85 130 1
0.599888359 87 131 1
0.599898121 85 129 1
0.599980857 88 133 1
0.599997835 88 127 1
0.611488226 86 131 1
0.616422367 96 131 0
0.616458791 95 131 0
0.616498067 96 130 0
0.616540935 95 130 0
0.616570429 96 128 0
0.616640236 93 133 0
0.616844741 94 129 0
0.616852707 95 132 0
0.616886981 93 127 0
0.616888339 95 128 0
0.616935703 94 132 0
0.617010081 94 127 0
0.617048233 95 129 0
0.617263099 94 128 0
0.617742595 97 130 0
0.617804177 96 132 0
0.617812197 94 133 0
0.617832417 94 131 0
0.617835403 96 129 0
0.619398767 90 128 1
0.619408841 90 131 1
0.619659435 90 127 1
0.619700527 87 130 1
0.619749985 88 128 1
0.619782199 88 130 1
0.619787393 89 129 1
0.619810737 88 132 1
0.619916579 89 132 1
0.619992417 90 132 1
0.636329147 99 128 0
0.636438418 98 128 0
0.636452002 98 129 0
0.636580035 97 128 0
0.636590353 99 130 0
0.636610976 96 127 0
0.636701805 96 133 0
0.636752611 98 130 0
0.636758924 97 131 0
0.636938239 99 131 0
0.636945837 97 129 0
0.636963839 97 133 0
0.637004769 99 132 0
0.637032351 97 127 0
0.637035479 98 132 0
0.637113697 100 130 0
0.637157411 98 131 0
0.637398573 97 132 0
0.637567751 99 129 0
0.639537809 92 131 1
0.639594821 94 133 1
0.639762943 90 130 1
0.639780365 92 128 1
0.639790109 93 128 1
0.639795963 93 127 1
0.639886369 93 129 1
0.639901493 92 132 1
0.639979975 92 129 1
0.651626347 90 133 1
0.656370041 100 129 0
0.656370702 99 133 0
0.656452924 101 132 0
0.656472453 102 132 0
0.656533562 101 129 0
0.656597211 102 130 0
0.656597458 101 131 0
0.656695832 89 128 1
0.656717603 100 131 0
0.656731168 100 133 0
0.656732565 102 128 0
0.656788937 101 130 0
0.656798061 100 128 0
0.656866407 101 128 0
0.656895749 100 127 0
0.656902491 102 131 0
0.656942853 99 127 0
0.657148863 103 130 0
0.657356921 100 132 0
0.657770169 102 129 0
0.659777183 95 128 1
0.659815963 97 133 1
0.659830699 94 132 1
0.659835255 94 131 1
0.659869005 95 129 1
0.659926459 97 127 1
0.659930591 96 129 1
0.659942139 95 132 1
0.659949733 96 127 1
0.659957455 95 130 1
0.676527013 104 131 0
0.676582465 104 132 0
0.676605396 103 128 0
0.67668399 103 131 0
0.676704975 103 129 0
0.676717016 103 127 0
0.676735244 105 129 0
0.676742346 105 130 0
0.676788097 105 131 0
0.676803119 102 133 0
0.676885627 102 127 0
0.676888125 105 128 0
0.676890235 104 130 0
0.676942227 103 133 0
0.677040095 103 132 0
0.677050781 104 128 0
0.677115473 104 129 0
0.677951593 105 132 0
0.677980053 106 130 0
0.679723979 98 130 1
0.679791645 100 133 1
0.679852215 99 131 1
0.679876733 99 132 1
0.679951633 98 128 1
0.679992203 98 132 1
0.696137586 106 133 0
0.696444482 106 128 0
0.69660737 108 131 0
0.69663215 107 128 0
0.696668403 108 130 0
0.696746545 106 132 0
0.696778019 108 129 0
0.696782209 105 127 0
0.696811207 108 128 0
0.696814005 107 130 0
0.696821113 106 131 0
0.696846409 106 129 0
0.696852689 106 127 0
0.696855637 107 131 0
0.697009161 107 132 0
0.697043111 107 129 0
0.697381051 105 133 0
0.697568919 108 132 0
0.697569641 109 130 0
0.699729965 103 133 1
0.699769063 100 131 1
0.699784549 101 128 1
0.699798267 102 127 1
0.699827063 102 133 1
0.699847399 103 127 1
0.699909845 100 132 1
0.699917893 102 128 1
0.709286959 102 129 1
0.716338949 109 132 0
0.716355224 111 130 0
0.716513054 108 127 0
0.716587677 110 128 0
0.716595965 109 129 0
0.716710035 111 132 0
0.716722458 109 127 0
0.716749515 109 133 0
0.716780097 110 131 0
0.716800965 110 129 0
0.716849847 109 128 0
0.716856251 111 128 0
0.716877637 110 130 0
0.717010403 112 130 0
0.717100605 111 129 0
0.717140435 111 131 0
0.717249863 108 133 0
0.717430963 109 131 0
0.717578513 110 132 0
0.719759425 103 130 1
0.719842499 103 131 1
0.719883123 103 128 1
0.719945163 105 129 1
0.719968375 105 133 1
0.719970667 105 132 1
0.719972317 103 132 1
0.719978473 104 128 1
0.736436611 113 132 0
0.736458161 114 130 0
0.736525858 111 133 0
0.736539659 113 130 0
0.736558742 113 129 0
0.73662857 112 133 0
0.736722331 112 128 0
0.736728149 114 132 0
0.736758008 114 131 0
0.736767196 112 132 0
0.736818089 113 128 0
0.736908031 114 128 0
0.736913217 112 131 0
0.736964901 112 129 0
0.737085219 115 130 0
0.737143231 111 127 0
0.737188789 112 127 0
0.737460825 113 131 0
0.737989177 114 129 0
0.739616173 106 132 1
0.739621853 106 129 1
0.739706023 106 130 1
0.739709115 107 131 1
0.739832903 108 129 1
0.739845729 109 133 1
0.739861513 107 132 1
0.739944939 108 133 1
0.745779097 105 128 1
0.756361863 115 127 0
0.756550476 117 128 0
0.756560926 116 132 0
0.756632576 117 129 0
0.756642581 116 130 0
0.756667297 117 131 0
0.756680253 115 131 0
0.756769222 114 133 0
0.756796203 116 129 0
0.756806943 116 128 0
0.756829555 115 132 0
0.756868931 114 127 0
0.756891673 118 130 0
0.756959403 115 129 0
0.757019443 116 131 0
0.757347907 115 128 0
0.757365455 117 132 0
0.757505931 115 133 0
0.757890503 117 130 0
0.759054167 106 131 1
0.759581049 110 130 1
0.759722689 111 132 1
0.759803425 110 132 1
0.759849769 111 131 1
0.759876025 111 128 1
0.759910229 109 131 1
0.759929517 110 131 1
0.759962997 109 132 1
0.759985697 112 133 1
0.774451119 104 129 1
0.776538986 120 131 0
0.776643785 119 131 0
0.77666952 118 132 0
0.776737821 117 127 0
0.776743817 118 127 0
0.776769315 119 132 0
0.776777192 120 130 0
0.776790723 119 130 0
0.776796329 118 129 0
0.776864331 119 128 0
0.776887769 120 128 0
0.776932927 117 133 0
0.777075413 119 129 0
0.777147305 118 128 0
0.777234659 120 129 0
0.777289635 118 131 0
0.777585429 120 132 0
0.777659885 118 133 0
0.778118213 121 130 0
0.779401165 115 133 1
0.779564847 114 128 1
0.779663165 112 131 1
0.779777993 112 129 1
0.779818689 114 131 1
0.779830817 114 127 1
0.779933693 113 128 1
0.796263038 121 131 0
0.796601724 123 128 0
0.796603651 123 130 0
0.79662533 120 127 0
0.796681286 122 132 0
0.796712198 121 133 0
0.796721348 123 131 0
0.796728849 122 129 0
0.796739753 122 130 0
0.796787379 120 133 0
0.796789951 122 128 0
0.796954837 121 128 0
0.796958991 121 129 0
0.797006091 123 132 0
0.797085491 121 127 0
0.797168351 122 131 0
0.797469139 123 129 0
0.797497515 124 130 0
0.797520415 121 132 0
0.799291133 115 132 1
0.799551483 118 133 1
0.799609205 117 133 1
0.799748377 115 129 1
0.799828333 116 129 1
0.799833293 117 127 1
0.799843103 116 131 1
0.799869083 115 128 1
0.799879771 115 131 1
0.799916117 115 130 1
0.799974663 118 127 1
0.799976813 117 131 1
0.816448889 125 131 0
0.81648244 125 128 0
0.816484901 126 130 0
0.816509888 123 133 0
0.816536668 126 128 0
0.816550605 125 132 0
0.816585791 127 130 0
0.816587289 124 128 0
0.816706113 124 131 0
0.8167494 124 127 0
0.816751978 123 127 0
0.816792703 124 129 0
0.816809935 125 129 0
0.816821981 126 131 0
0.816861533 124 133 0
0.816864221 126 132 0
0.816906619 125 130 0
0.817366355 124 132 0
0.817608627 126 129 0
0.818651919 117 129 1
0.819275951 121 127 1
0.819617089 118 130 1
0.819737465 120 128 1
0.819757251 119 128 1
0.819828929 119 130 1
0.819834039 118 132 1
0.819840477 120 133 1
0.819876341 119 132 1
0.836525778 129 131 0
0.836562696 127 131 0
0.83658519 127 133 0
0.836618947 127 128 0
0.836632151 127 129 0
0.836781527 128 132 0
0.836803791 126 133 0
0.836830625 127 127 0
0.836843651 129 129 0
0.836865721 128 129 0
0.836878607 128 131 0
0.836962273 129 128 0
0.836967697 129 130 0
0.837043333 128 128 0
0.837050793 127 132 0
0.837055855 126 127 0
0.837239077 128 130 0
0.837583145 129 132 0
0.837724951 130 130 0
0.839511865 124 133 1
0.839791731 121 129 1
0.839801247 120 130 1
0.839872051 123 131 1
0.839891635 122 128 1
0.839936921 121 130 1
0.839940351 123 132 1
0.839945947 123 128 1
0.856470355 132 130 0
0.856476553 131 132 0
0.856477769 130 133 0
0.856538057 131 128 0
0.856567233 130 132 0
0.856622234 130 128 0
0.856652518 131 131 0
0.856660867 130 127 0
0.856683265 129 127 0
0.856738765 131 130 0
0.856782103 130 129 0
0.856782507 132 131 0
0.856980213 130 131 0
0.857183141 132 129 0
0.857189433 132 128 0
0.857266143 131 129 0
0.857669335 133 130 0
0.857734323 129 133 0
0.857760325 132 132 0
0.859559911 125 131 1
0.859670923 127 127 1
0.859671129 124 131 1
0.859757941 126 132 1
0.859807943 126 133 1
0.859856643 124 129 1
0.859868443 126 128 1
0.859973361 124 132 1
0.862404019 121 132 1
0.868169199 124 128 1
0.870082451 126 131 1
0.871767607 126 129 1
0.876368494 133 129 0
0.876381862 135 130 0
0.876614561 133 132 0
0.876632729 133 133 0
0.876680814 134 130 0
0.876693609 134 128 0
0.876728401 132 127 0
0.876754184 136 130 0
0.876769671 134 129 0
0.876809419 133 127 0
0.876811611 134 131 0
0.876829959 135 132 0
0.876864195 135 128 0
0.877027737 135 131 0
0.877067413 135 129 0
0.877084643 133 128 0
0.877208205 132 133 0
0.877224511 133 131 0
0.877568879 134 132 0
0.879575019 129 128 1
0.879730219 128 130 1
0.879738675 127 132 1
0.879788951 128 132 1
0.879796275 129 129 1
0.879807589 130 127 1
0.879867259 127 128 1
0.879980257 128 128 1
0.879995061 129 133 1
0.896515626 135 133 0
0.896578212 138 128 0
0.896604408 136 128 0
0.896618643 138 132 0
0.896639111 136 133 0
0.896674062 137 128 0
0.896675074 137 130 0
0.896681474 138 130 0
0.896700113 137 132 0
0.896712911 137 129 0
0.896744832 138 131 0
0.896825271 136 132 0
0.896834193 136 129 0
0.896983541 136 131 0
0.897086003 136 127 0
0.897197499 135 127 0
0.897221563 139 130 0
0.897278127 137 131 0
0.897913637 138 129 0
0.899569797 132 128 1
0.899633097 130 130 1
0.899895335 132 129 1
0.899905523 131 128 1
0.899923225 131 131 1
0.899924385 130 132 1
0.899979619 132 131 1
0.905130654 130 131 1
0.910151684 131 129 1
0.91654728 140 132 0
0.91657552 139 129 0
0.916584655 140 129 0
0.916597642 139 132 0
0.916612047 139 127 0
0.916619719 141 129 0
0.916648264 141 128 0
0.916674842 140 131 0
0.916722759 140 130 0
0.916726558 141 131 0
0.91674461 138 133 0
0.916839427 142 130 0
0.916913955 139 131 0
0.916974503 140 128 0
0.917032659 138 127 0
0.917070579 139 128 0
0.917494597 139 133 0
0.917621277 141 132 0
0.917704189 141 130 0
0.918166745 129 130 1
0.919697633 135 128 1
0.919732869 134 131 1
0.919845697 134 128 1
0.919880477 134 132 1
0.919966595 135 132 1
0.919970683 133 130 1
0.919998883 135 127 1
0.936495872 143 132 0
0.936549187 142 132 0
0.936580489 144 131 0
0.936594597 144 128 0
0.936674075 143 130 0
0.936718144 143 131 0
0.936778617 141 133 0
0.936827959 143 128 0
0.936968125 144 130 0
0.937011313 141 127 0
0.937050403 142 127 0
0.937083137 142 129 0
0.937198109 142 128 0
0.937475347 143 129 0
0.937538105 142 133 0
0.937590767 144 129 0
0.937603687 142 131 0
0.938076499 144 132 0
0.938172839 145 130 0
0.939488965 139 133 1
0.939776279 137 129 1
0.939836375 138 127 1
0.939860027 137 128 1
0.939901771 138 131 1
0.939956881 138 132 1
0.939986643 137 131 1
0.956238508 147 131 0
0.956437923 144 133 0
0.956575782 147 128 0
0.9566135 144 127 0
0.956639037 145 133 0
0.956642712 147 130 0
0.956659611 146 130 0
0.956677623 145 131 0
0.956763973 146 129 0
0.956790141 146 128 0
0.956819765 146 132 0
0.956866255 145 129 0
0.956894099 147 132 0
0.957032345 145 128 0
0.957261463 145 127 0
0.957386583 146 131 0
0.957520683 145 132 0
0.957695367 148 130 0
0.957871303 147 129 0
0.959581327 141 127 1
0.959783387 142 133 1
0.959822377 139 131 1
0.959827941 142 127 1
0.959890401 139 130 1
0.959900039 141 132 1
0.976535837 149 132 0
0.976548217 149 128 0
0.976584668 150 130 0
0.976610513 148 129 0
0.976613266 148 133 0
0.976683557 148 128 0
0.976708532 149 131 0
0.976764106 150 132 0
0.976801725 150 128 0
0.976829627 147 133 0
0.976884921 148 131 0
0.976897661 149 130 0
0.976962935 150 131 0
0.976993421 151 130 0
0.977025135 148 127 0
0.977086399 147 127 0
0.977137739 149 129 0
0.977352117 148 132 0
0.977805987 150 129 0
0.979632989 144 128 1
0.979673325 145 127 1
0.979707571 143 130 1
0.979794799 138 129 1
0.979890483 143 128 1
0.979922749 144 127 1
0.979927507 143 129 1
0.979936563 144 132 1
0.979996951 144 129 1
0.996269273 153 129 0
0.996579098 150 133 0
0.996609024 151 128 0
0.996677661 151 131 0
0.996703526 152 131 0
0.996720836 151 129 0
0.996773929 151 133 0
0.996878797 153 130 0
0.996891653 152 130 0
0.996908179 152 129 0
0.996925321 153 131 0
0.996963091 153 128 0
0.996999653 151 127 0
0.997012917 152 132 0
0.997047835 150 127 0
0.997132797 151 132 0
0.997452409 152 128 0
0.997850953 153 132 0
0.997913065 154 130 0
0.999524001 147 129 1
0.999769109 146 130 1
0.999796835 144 130 1
0.999798669 148 133 1
0.999802221 145 130 1
0.999917581 145 131 1
0.999917965 148 127 1
0.999942727 147 133 1
1.016165458 145 129 1
1.016351947 155 131 0
1.016381477 154 133 0
1.016471086 154 132 0
1.016530009 154 127 0
1.016599339 154 128 0
1.016604058 155 128 0
1.016647995 155 132 0
1.016693774 156 130 0
1.016828627 153 127 0
1.016863123 154 129 0
1.016937557 156 128 0
1.016939521 156 129 0
1.016976005 156 131 0
1.017018217 154 131 0
1.017138959 155 129 0
1.017335503 155 130 0
1.017378897 156 132 0
1.017444819 157 130 0
1.017841941 153 133 0
1.019462837 151 127 1
1.019464373 149 129 1
1.019553085 148 131 1
1.019562349 148 130 1
1.019651507 149 128 1
1.019781123 151 133 1
1.019805837 148 132 1
1.019828797 150 132 1
1.019832337 147 130 1
1.019855505 149 131 1
1.019938629 150 127 1
1.019950127 148 128 1
1.019981821 150 129 1
1.019986187 150 128 1
1.025297429 147 132 1
1.036443841 157 133 0
1.036503005 156 127 0
1.036527211 157 129 0
1.036540008 158 130 0
1.036568706 159 131 0
1.036629429 158 128 0
1.036641027 158 131 0
1.036724052 157 132 0
1.036732448 159 130 0
1.036804439 159 128 0
1.036990849 159 132 0
1.037035529 158 129 0
1.037054431 157 131 0
1.037137625 156 133 0
1.037163317 160 130 0
1.037222425 157 128 0
1.037261899 157 127 0
1.037381425 158 132 0
1.037462287 159 129 0
1.039153693 152 128 1
1.039630765 153 133 1
1.039727505 152 132 1
1.039764001 151 132 1
1.039809309 152 129 1
1.039904909 153 132 1
1.039919335 151 131 1
1.039940899 153 131 1
1.039970497 152 131 1
1.039993403 151 129 1
1.056123996 159 133 0
1.056423925 162 131 0
1.056426166 161 129 0
1.056567287 162 130 0
1.05660281 160 129 0
1.056621726 162 132 0
1.056624772 161 130 0
1.056658341 161 132 0
1.056698113 162 128 0
1.056727011 161 128 0
1.056750714 160 128 0
1.056888719 160 133 0
1.056931627 163 130 0
1.056933155 160 131 0
1.056979543 160 132 0
1.057161255 160 127 0
1.057213517 159 127 0
1.057284273 161 131 0
1.058243263 162 129 0
1.059597659 155 130 1
1.059689149 154 130 1
1.059711075 156 131 1
1.059846333 157 127 1
1.059892631 156 129 1
1.059928731 155 128 1
1.059949469 155 132 1
1.074126014 154 131 1
1.076413755 162 133 0
1.076430846 163 127 0
1.076445964 164 129 0
1.07649399 163 132 0
1.076545279 164 131 0
1.076607899 163 131 0
1.076705474 164 130 0
1.0767066 165 128 0
1.076756974 166 130 0
1.076857027 165 129 0
1.076867871 163 129 0
1.0769027389999999 164 132 0
1.076975665 165 131 0
1.076981437 163 128 0
1.077069817 164 128 0
1.077087387 162 127 0
1.077313903 163 133 0
1.077373073 165 132 0
1.0777741650000001 165 130 0
1.079594247 159 129 1
1.0796780990000001 159 132 1
1.079682573 160 133 1
1.079691665 157 128 1
1.079749543 158 128 1
1.079889957 157 131 1
1.079980313 158 129 1
1.079984669 157 132 1
1.096501564 168 131 0
1.096557159 166 132 0
1.096581873 167 131 0
1.096586348 165 133 0
1.096591356 167 132 0
1.096593616 167 130 0
1.096629362 165 127 0
1.096654246 168 128 0
1.09665465 168 130 0
1.096929729 166 127 0
1.096958187 166 129 0
1.096970629 167 128 0
1.097226373 166 133 0
1.097298293 166 128 0
1.097373947 167 129 0
1.097416795 168 129 0
1.097673399 168 132 0
1.097745583 166 131 0
1.098091171 169 130 0
1.099528737 162 129 1
1.099630787 161 132 1
1.099726801 163 133 1
1.099768719 162 127 1
1.099847791 160 130 1
1.099912939 161 131 1
1.099971537 159 130 1
1.099978607 160 132 1
1.099987955 162 128 1
1.099988329 161 128 1
1.116522208 171 131 0
1.116543355 170 132 0
1.116605375 169 133 0
1.116615033 171 132 0
1.116630769 171 130 0
1.116638696 170 130 0
1.116662757 169 129 0
1.116749848 168 127 0
1.116773296 168 133 0
1.116790981 170 129 0
1.116851735 170 128 0
1.116918015 171 128 0
1.116922575 169 131 0
1.116926809 169 128 0
1.117065205 169 127 0
1.117132545 161 130 1
1.117396871 171 129 0
1.1174788310000001 170 131 0
1.117538547 172 130 0
1.117616523 169 132 0
1.119537437 164 130 1
1.119645713 164 128 1
1.119885109 165 129 1
1.119913745 163 129 1
1.119930643 166 127 1
1.119943037 163 131 1
1.119944801 165 127 1
1.119963435 165 131 1
1.119990661 164 129 1
1.136306143 173 128 0
1.136339189 172 128 0
1.136402477 172 131 0
1.136422466 172 129 0
1.136473517 174 132 0
1.136541679 171 133 0
1.136572377 174 130 0
1.136655272 171 127 0
1.1366625049999999 173 129 0
1.136667232 174 128 0
1.136683223 173 132 0
1.136778701 174 131 0
1.136780217 173 130 0
1.1367857909999999 172 127 0
1.136789397 173 131 0
1.136895641 172 133 0
1.136997553 175 130 0
1.137599213 172 132 0
1.137983699 174 129 0
1.139714457 167 128 1
1.139803339 166 128 1
1.139826527 167 129 1
1.139859225 168 127 1
1.139912047 165 130 1
1.139920325 168 128 1
1.139930297 167 131 1
1.139952759 166 131 1
1.139968243 167 132 1
1.139981425 166 132 1
1.139984377 168 133 1
1.156458841 176 132 0
1.156588245 174 133 0
1.15666303 175 133 0
1.156696171 177 129 0
1.156719253 176 131 0
1.15675937 175 127 0
1.156792307 177 131 0
1.156814007 175 128 0
1.156849603 175 129 0
1.156909555 175 131 0
1.156981037 175 132 0
1.157016053 177 130 0
1.157056195 174 127 0
1.157102361 176 129 0
1.157143023 176 130 0
1.157165993 176 128 0
1.157167511 177 128 0
1.157525561 177 132 0
1.157681683 178 130 0
1.159691217 170 131 1
1.159721797 170 129 1
1.159738775 169 131 1
1.159809529 169 130 1
1.1598751489999999 169 132 1
1.159897693 171 132 1
1.159899973 171 129 1
1.159944247 172 133 1
1.1599656010000001 169 128 1
1.176348219 178 129 0
1.176386581 178 132 0
1.176508023 178 128 0
1.176615967 179 128 0
1.1766168399999999 180 131 0
1.17666285 180 129 0
1.1766781530000001 178 133 0
1.17669144 178 127 0
1.176705906 179 131 0
1.176741824 179 132 0
1.176799023 180 130 0
1.176809955 179 130 0
1.176964253 178 131 0
1.177019485 177 127 0
1.177043843 180 128 0
1.177069211 179 129 0
1.177310013 180 132 0
1.177528585 177 133 0
1.177574273 181 130 0
1.179669251 173 131 1
1.179699779 172 132 1
1.179842857 174 127 1
1.179927289 174 128 1
1.179994155 175 133 1
1.190353319 174 133 1
1.196404921 173 130 1
1.196468671 182 131 0
1.196604127 181 132 0
1.196619022 183 128 0
1.196652064 182 128 0
1.196679081 180 127 0
1.196714278 183 131 0
1.196732059 181 133 0
1.196754287 183 132 0
1.196773974 183 130 0
1.196793959 181 129 0
1.196828117 184 130 0
1.197023113 182 130 0
1.197055591 182 129 0
1.197086241 180 133 0
1.197092205 183 129 0
1.197215985 181 127 0
1.197286213 181 128 0
1.197418285 182 132 0
1.197479327 181 131 0
1.199694675 176 128 1
1.199725829 177 128 1
1.199785963 176 129 1
1.199813777 176 131 1
1.199858595 175 132 1
1.199921831 175 129 1
1.199957419 176 130 1
1.199959739 175 131 1
1.21657202 186 132 0
1.216584685 183 133 0
1.2166158089999999 186 128 0
1.216658037 184 128 0
1.216683708 185 129 0
1.216745678 185 130 0
1.216760712 184 133 0
1.216792479 186 131 0
1.216800285 186 130 0
1.216805749 183 127 0
1.216842103 185 128 0
1.216848183 185 132 0
1.217048647 184 131 0
1.217095979 184 129 0
1.217256253 184 132 0
1.217385953 187 130 0
1.217456667 184 127 0
1.217478915 185 131 0
1.218029415 186 129 0
1.219758593 180 131 1
1.236244418 187 131 0
1.2364466410000001 190 130 0
1.236536641 187 129 0
1.236569685 189 128 0
1.236587853 188 131 0
1.236605526 187 132 0
1.236691849 188 130 0
1.23672338 188 132 0
1.2367616080000001 187 127 0
1.236762082 186 133 0
1.236788143 188 129 0
1.236889787 186 127 0
1.236939099 188 128 0
1.236986819 187 133 0
1.236992435 189 129 0
1.237013609 189 131 0
1.237256307 189 130 0
1.237354149 189 132 0
1.237401491 187 128 0
1.239485097 182 130 1
1.239665165 182 132 1
1.239755693 183 132 1
1.239839783 184 127 1
1.239854747 182 128 1
1.239866659 181 131 1
1.239899795 181 129 1
1.239985343 181 132 1
1.248467386 178 132 1
1.256428955 191 128 0
1.2564473409999999 189 127 0
1.256456756 192 128 0
1.25647275 192 131 0
1.256624869 189 133 0
1.2566315559999999 190 132 0
1.2567042210000001 192 130 0
1.256724331 190 129 0
1.256780765 190 127 0
1.256787567 191 130 0
1.256834501 191 132 0
1.256923721 190 128 0
1.257010147 191 131 0
1.257244541 191 129 0
1.257425601 190 133 0
1.2574400749999999 192 129 0
1.257740815 192 132 0
1.257869947 190 131 0
1.258019309 193 130 0
1.259774183 185 132 1
1.259800857 184 131 1
1.259839097 185 131 1
1.259845281 187 127 1
1.259921329 185 129 1
1.259943823 186 127 1
1.276394465 194 128 0
1.27641527 194 130 0
1.276506151 194 132 0
1.2765694380000001 195 131 0
1.276580023 193 131 0
1.276633442 193 128 0
1.276636273 194 129 0
1.276699427 195 130 0
1.276805929 192 133 0
1.276806423 193 127 0
1.276832405 192 127 0
1.276904939 193 129 0
1.2769401550000001 193 133 0
1.276942281 195 132 0
1.276942769 194 131 0
1.277106879 195 128 0
1.277367755 193 132 0
1.277546479 196 130 0
1.277634003 195 129 0
1.2796007409999999 189 131 1
1.279764135 188 129 1
1.279786905 187 130 1
1.279844035 187 128 1
1.279883445 187 132 1
1.279974639 189 129 1
1.279982787 187 129 1
1.294876935 186 133 1
1.2966518009999999 198 132 0
1.296715284 198 131 0
1.2967235320000001 196 129 0
1.2967275 196 128 0
1.296746654 196 133 0
1.2967580349999999 198 130 0
1.296766289 198 128 0
1.296766321 196 131 0
1.296792921 197 129 0
1.296799807 197 130 0
1.296819417 195 133 0
1.296820007 197 128 0
1.2968512030000001 195 127 0
1.296893353 197 131 0
1.296953769 197 132 0
1.297013547 199 130 0
1.297114089 196 127 0
1.297364491 198 129 0
1.297519433 196 132 0
1.299501131 192 133 1
1.299701231 193 133 1
1.299719083 190 131 1
1.2997430890000001 191 131 1
1.299779625 191 130 1
1.299915711 192 129 1
1.299932007 190 130 1
1.299935185 192 127 1
1.299995385 192 132 1
1.316366309 198 133 0
1.316438165 201 129 0
1.316522602 199 127 0
1.316674088 200 132 0
1.316679868 199 133 0
1.31670229 200 131 0
1.316773301 200 128 0
1.316785401 199 129 0
1.316820909 199 132 0
1.316842923 199 128 0
1.316860259 201 131 0
1.316877431 199 131 0
1.316937839 200 130 0
1.316966503 201 128 0
1.317016623 201 130 0
1.317093353 198 127 0
1.317151999 200 129 0
1.317739889 201 132 0
1.318180933 202 130 0
1.319654609 193 130 1
1.319765161 195 131 1
1.319808677 194 130 1
1.319822051 195 133 1
1.319837785 195 128 1
1.319856425 196 133 1
1.319868459 196 127 1
1.319939895 194 129 1
1.319948095 192 130 1
1.336347589 204 131 0
1.336437334 203 132 0
1.336495438 203 128 0
1.336513934 203 131 0
1.336530626 202 128 0
1.3365583220000001 204 130 0
1.336561213 202 133 0
1.336600143 202 129 0
1.336707179 204 129 0
1.336726866 201 127 0
1.336782691 202 127 0
1.336821073 202 132 0
1.336857717 202 131 0
1.336877153 203 130 0
1.337314973 204 128 0
1.337341723 205 130 0
1.337513047 204 132 0
1.337695319 203 129 0
1.337774869 201 133 0
1.339744045 196 132 1
1.339765667 198 128 1
1.339786957 197 132 1
1.339812517 197 131 1
1.339820545 197 129 1
1.339875563 196 130 1
1.3399323349999999 196 128 1
1.339937159 196 131 1
1.339994101 197 128 1
1.339997653 196 129 1
1.346406614 195 132 1
1.3529287810000001 195 130 1
1.356346587 207 132 0
1.356448819 206 128 0
1.3564572670000001 208 130 0
1.356649057 206 131 0
1.356697697 207 128 0
1.356752626 205 133 0
1.35677154 207 130 0
1.356779137 206 130 0
1.356844643 205 129 0
1.356869245 204 127 0
1.356887825 205 132 0
1.356924735 206 129 0
1.356965399 205 131 0
1.356987211 207 129 0
1.357061251 205 127 0
1.357211813 207 131 0
1.357243479 204 133 0
1.3572858509999999 205 128 0
1.357536503 206 132 0
1.359142635 197 130 1
1.359498503 199 128 1
1.359686215 202 127 1
1.359758959 201 133 1
1.359789445 200 131 1
1.359814319 199 131 1
1.359817003 199 129 1
1.359825161 199 130 1
1.359875231 200 129 1
1.359901075 201 131 1
1.359907209 202 133 1
1.359945405 200 132 1
1.359984437 198 130 1
1.376385874 209 130 0
1.3765113709999999 210 131 0
1.376515328 209 132 0
1.376522954 210 128 0
1.376574932 209 129 0
1.3766599130000001 208 128 0
1.376681196 208 133 0
1.376734423 210 132 0
1.376785135 208 131 0
1.376845791 208 132 0
1.376911895 210 130 0
1.376915501 207 133 0
1.376927523 209 128 0
1.376968719 208 129 0
1.377068053 207 127 0
1.377314125 209 131 0
1.377352957 208 127 0
1.3775094970000001 211 130 0
1.377999137 210 129 0
1.379640035 205 127 1
1.3796437529999999 202 130 1
1.379673491 204 128 1
1.379761395 204 127 1
1.379772885 203 128 1
1.379775329 203 129 1
1.379839437 201 130 1
1.379906731 203 130 1
1.379911411 202 132 1
1.379957233 205 133 1
1.396403473 212 130 0
1.396530599 211 129 0
1.396536571 213 128 0
1.396616443 213 131 0
1.396666428 211 131 0
1.396687294 214 130 0
1.396709163 211 132 0
1.3967541940000001 211 127 0
1.396758149 212 131 0
1.396775119 213 129 0
1.396810865 212 132 0
1.396918547 212 129 0
1.3969838829999999 210 133 0
1.397131185 210 127 0
1.397156469 212 128 0
1.397318353 211 128 0
1.397351945 211 133 0
1.397453853 213 132 0
1.397728597 213 130 0
1.399559903 207 131 1
1.3997770950000001 207 133 1
1.399791285 208 127 1
1.399833937 206 130 1
1.399834303 205 129 1
1.399895331 205 132 1
1.408352635 205 130 1
1.416338142 215 130 0
1.416597995 213 133 0
1.416627651 216 131 0
1.416687796 215 131 0
1.4166878760000001 214 132 0
1.416712158 216 128 0
1.4167345 216 130 0
1.416799167 215 132 0
1.416809351 213 127 0
1.416841395 214 127 0
1.416906137 214 128 0
1.416997039 215 128 0
1.417054465 215 129 0
1.417149625 214 129 0
1.4173944490000001 216 129 0
1.4178105730000001 216 132 0
1.417862727 214 133 0
1.417888327 214 131 0
1.418401375 217 130 0
1.419452253 210 132 1
1.419713669 211 127 1
1.419743613 207 130 1
1.419781329 210 127 1
1.419803215 211 133 1
1.419828941 209 129 1
1.419975889 209 131 1
1.419978867 210 128 1
1.436481998 216 127 0
1.436486557 218 132 0
1.4365116150000001 217 131 0
1.436521931 216 133 0
1.436542938 218 129 0
1.436630741 217 127 0
1.436633393 217 133 0
1.436684367 219 128 0
1.436692062 219 130 0
1.436880549 218 130 0
1.436957357 217 128 0
1.4369615150000001 219 131 0
1.436962561 219 132 0
1.436999859 218 128 0
1.437005023 217 129 0
1.437056179 218 131 0
1.437235687 217 132 0
1.437342431 220 130 0
1.437636807 219 129 0
1.4395768709999999 214 133 1
1.439618831 213 127 1
1.439688545 212 132 1
1.4397023230000001 212 131 1
1.439780671 212 129 1
1.439876179 211 131 1
1.439883447 211 128 1
1.439893551 212 128 1
1.439934697 210 130 1
1.439951413 211 130 1
1.456517726 221 132 0
1.456560225 222 132 0
1.4565943350000001 221 129 0
1.456631897 220 129 0
1.456646412 219 133 0
1.456685602 219 127 0
1.45670627 221 131 0
1.456763019 220 133 0
1.456796587 222 128 0
1.456813951 220 128 0
1.456844479 222 130 0
1.456879729 223 130 0
1.456912401 220 132 0
1.456940145 220 131 0
1.4569516550000001 221 130 0
1.456955391 221 128 0
1.456966757 220 127 0
1.457180451 222 131 0
1.457623651 222 129 0
1.459413531 215 128 1
1.459658403 214 129 1
1.459665149 216 128 1
1.459825213 214 130 1
1.459831617 216 132 1
1.459833425 214 131 1
1.459953971 213 130 1
1.47647448 223 127 0
1.476509579 224 132 0
1.476517833 225 129 0
1.476524591 223 129 0
1.476527456 223 131 0
1.476587784 224 131 0
1.476624321 225 131 0
1.4766929690000001 222 133 0
1.4767015940000001 223 128 0
1.476788913 224 130 0
1.476860023 223 133 0
1.477018769 224 128 0
1.477037991 225 128 0
1.477048817 223 132 0
1.477062043 225 130 0
1.477236545 224 129 0
1.477257435 222 127 0
1.477331535 216 129 1
1.477655923 225 132 0
1.477991437 226 130 0
1.479402973 218 128 1
1.479647761 218 130 1
1.479699841 219 132 1
1.479765511 217 130 1
1.479868763 220 133 1
1.479923519 216 130 1
1.479966337 219 131 1
1.479990803 217 128 1
1.489381529 220 127 1
1.496328115 227 128 0
1.496456317 226 132 0
1.4964755969999999 226 128 0
1.496564053 227 131 0
1.496652029 227 132 0
1.496655569 226 129 0
1.4966616240000001 226 131 0
1.496679353 226 133 0
1.4967079779999999 228 131 0
1.496770449 227 130 0
1.496896601 226 127 0
1.496983723 228 130 0
1.497104309 227 129 0
1.497132587 228 129 0
1.497140035 229 130 0
1.497149649 225 127 0
1.497220645 228 128 0
1.497394511 228 132 0
1.4974865689999999 225 133 0
1.499382137 222 127 1
1.4996634850000001 222 132 1
1.499881847 222 131 1
1.499932333 220 128 1
1.499934019 223 133 1
1.499964311 222 128 1
1.499986487 220 131 1
1.502410566 222 133 1
1.516355528 230 130 0
1.516386172 228 127 0
1.5164065039999999 231 130 0
1.516522125 230 131 0
1.5165747170000001 229 133 0
1.5166534170000001 229 132 0
1.516674782 231 128 0
1.516764256 231 132 0
1.5168584809999999 230 128 0
1.516885753 232 130 0
1.5169033669999998 229 129 0
1.517031241 229 128 0
1.517091427 231 129 0
1.517122629 231 131 0
1.517147791 229 127 0
1.517421579 230 129 0
1.517424193 229 131 0
1.517458695 228 133 0
1.5176021450000001 230 132 0
1.519488143 222 130 1
1.519545795 223 132 1
1.5196752409999998 224 129 1
1.519720833 224 132 1
1.519780573 226 127 1
1.519808935 223 130 1
1.519921787 225 127 1
1.519988429 226 133 1
1.53634132 234 130 0
1.536389859 232 133 0
1.536432897 233 129 0
1.536599421 231 133 0
1.5367061309999999 234 132 0
1.536723994 232 132 0
1.5367619810000002 232 128 0
1.536788915 233 130 0
1.536799037 232 129 0
1.536831013 233 132 0
1.536853217 233 128 0
1.5368863369999999 232 127 0
1.536917213 233 131 0
1.536954345 234 131 0
1.536997329 234 128 0
1.537185179 231 127 0
1.537208315 235 130 0
1.537312155 232 131 0
1.537669569 234 129 0
1.539636143 225 130 1
1.539724793 226 130 1
1.539820151 228 129 1
1.5398921429999999 228 133 1
1.5399012010000002 229 127 1
1.5399121390000001 228 131 1
1.539928757 227 131 1
1.539985761 229 133 1
1.541136915 225 128 1
1.5508645589999999 226 129 1
1.5563272430000001 235 127 0
1.556478957 235 129 0
1.556500328 237 131 0
1.556522897 236 132 0
1.5565934769999998 238 130 0
1.5566079940000002 236 130 0
1.5566127870000002 236 129 0
1.5566288959999999 235 132 0
1.556662011 236 131 0
1.556738659 236 128 0
1.556786067 235 131 0
1.556890753 234 127 0
1.5569268250000001 234 133 0
1.556980131 237 128 0
1.557029293 237 129 0
1.557138567 235 133 0
1.557217061 237 132 0
1.5574864590000002 235 128 0
1.5577784970000002 237 130 0
1.559407981 229 131 1
1.559433969 229 129 1
1.5595234310000001 230 128 1
1.5595839950000001 230 129 1
1.559590635 228 130 1
1.559882859 230 132 1
1.5599487810000001 231 132 1
1.5599801229999999 229 132 1
1.559980163 231 131 1
1.5599991549999999 230 130 1
1.563414677 228 128 1
1.576394455 240 130 0
1.5767063430000001 239 131 0
1.576710233 239 132 0
1.576768589 237 127 0
1.576801601 240 131 0
1.5768295829999999 238 127 0
1.576830493 239 128 0
1.576848151 240 128 0
1.576879345 238 132 0
1.576887083 237 133 0
1.577004793 239 130 0
1.577011135 238 128 0
1.577047865 239 129 0
1.577071831 238 129 0
1.577576145 238 131 0
1.5776074150000001 226 132 1
1.577731801 240 129 0
1.577839831 241 130 0
1.577981227 238 133 0
1.578003889 240 132 0
1.579450355 234 131 1
1.5794530770000001 234 128 1
1.579489901 232 131 1
1.579703635 233 130 1
1.579755017 234 127 1
1.5798076650000001 233 132 1
1.579811581 233 128 1
1.579856047 234 132 1
1.579865239 235 133 1
1.579874011 234 133 1
1.579888837 232 128 1
1.5964205489999999 240 127 0
1.596433709 242 132 0
1.596471425 243 131 0
1.596522016 241 133 0
1.596547421 243 132 0
1.5965636349999999 243 130 0
1.596662101 243 128 0
1.596677897 240 133 0
1.5967382730000002 242 128 0
1.5967995670000001 242 129 0
1.596854377 242 130 0
1.5968610170000002 241 131 0
1.596869463 241 127 0
1.5968714309999998 241 128 0
1.597031037 241 129 0
1.597035379 242 131 0
1.597275737 243 129 0
1.597354119 244 130 0
1.597506549 241 132 0
1.599366303 238 133 1
1.599682169 237 133 1
1.599804703 236 131 1
1.599833545 237 128 1
1.5998479909999999 235 128 1
1.5998584569999998 236 129 1
1.599863285 235 131 1
1.599897043 236 130 1
1.5999707170000002 237 127 1
1.599994921 237 129 1
1.616687485 244 129 0
1.6167201740000001 243 133 0
1.616749291 246 130 0
1.6167652000000001 245 131 0
1.616771238 244 127 0
1.616827157 245 128 0
1.616833907 244 133 0
1.616844991 245 132 0
1.6168618270000001 244 128 0
1.6168650549999999 246 128 0
1.6168656590000001 244 131 0
1.616889077 246 131 0
1.6169002049999999 244 132 0
1.616998933 245 129 0
1.6170200829999999 243 127 0
1.617029577 246 132 0
1.6170510409999999 245 130 0
1.617123317 247 130 0
1.617650985 246 129 0
1.619278971 240 129 1
1.619411757 239 128 1
1.619523985 238 132 1
1.619719415 238 129 1
1.6197375410000001 239 130 1
1.619753489 240 128 1
1.6197599070000002 240 133 1
1.619761103 240 132 1
1.619861963 239 132 1
1.6199018870000002 238 130 1
1.619926561 237 130 1
1.63622208 249 131 0
1.636345964 246 133 0
1.636535734 248 132 0
1.63654261 247 131 0
1.636543302 247 133 0
1.636663826 249 129 0
1.636736543 248 131 0
1.636740027 247 129 0
1.636744462 249 130 0
1.636757216 247 127 0
1.6368118630000001 247 128 0
1.636913983 248 128 0
1.636918159 249 128 0
1.636934855 248 130 0
1.636967013 246 127 0
1.637011617 247 132 0
1.637121371 248 129 0
1.637704041 250 130 0
1.638307811 249 132 0
1.6396905990000001 244 133 1
1.639804737 243 127 1
1.639824837 242 129 1
1.639869789 241 131 1
1.639904995 240 130 1
1.639940427 241 128 1
1.639974725 242 128 1
1.649207177 241 129 1
1.6563773130000001 250 128 0
1.6565862230000001 251 131 0
1.656588815 249 127 0
1.656644037 251 128 0
1.656650921 250 132 0
1.6567221 250 131 0
1.6567336799999999 251 132 0
1.656772053 250 129 0
1.656837063 252 131 0
1.656858519 252 130 0
1.656884859 250 127 0
1.656916395 250 133 0
1.656955683 252 128 0
1.657027955 251 130 0
1.657042473 252 129 0
1.657138757 251 129 0
1.657461725 253 130 0
1.6576509449999999 249 133 0
1.657806825 252 132 0
1.659375649 245 132 1
1.6595551309999999 247 127 1
1.659626105 244 131 1
1.659663819 246 132 1
1.659700543 244 128 1
1.6597630749999999 245 128 1
1.659775955 245 129 1
1.659897601 246 131 1
1.6599021390000002 246 127 1
1.659924713 245 130 1
1.676197084 253 133 0
1.676329636 255 132 0
1.676444435 253 132 0
1.67655331 256 130 0
1.676607031 254 131 0
1.676668029 255 130 0
1.676671791 253 129 0
1.676702916 253 127 0
1.6767072010000001 255 128 0
1.676781073 252 127 0
1.676809543 254 129 0
1.676924531 254 128 0
1.676955429 253 131 0
1.677024005 254 130 0
1.6771155549999999 252 133 0
1.677182097 255 131 0
1.677322591 254 132 0
1.677423137 255 129 0
1.677430183 253 128 0
1.679508319 249 132 1
1.679607707 249 133 1
1.6797628850000001 248 131 1
1.679787843 250 133 1
1.679838419 247 129 1
1.679851401 247 128 1
1.679882145 250 127 1
1.679884919 247 130 1
1.6799010509999999 248 128 1
1.6799372830000001 246 130 1
1.6799441590000002 249 128 1
1.679959507 248 132 1
1.69625022 258 128 0
1.696368143 257 130 0
1.696394366 258 131 0
1.696432247 257 129 0
1.696603887 257 128 0
1.6966760870000002 255 133 0
1.696729177 258 132 0
1.696742684 257 132 0
1.696743313 256 133 0
1.696763383 256 131 0
1.696971505 258 130 0
1.697029471 256 129 0
1.697086571 256 128 0
1.697116501 255 127 0
1.697271679 257 131 0
1.697340343 256 127 0
1.697391401 256 132 0
1.697443025 259 130 0
1.698285245 258 129 0
1.699626003 252 127 1
1.6997807169999999 252 131 1
1.699813757 250 130 1
1.699821643 252 129 1
1.699932003 250 129 1
1.699946469 251 131 1
1.699958023 252 132 1
1.699960313 250 132 1
1.716420452 258 133 0
1.7164330749999999 250 131 1
1.716475784 262 130 0
1.716485172 259 127 0
1.716612605 261 131 0
1.716624123 259 132 0
1.716653624 260 131 0
1.716672135 261 128 0
1.716740685 259 129 0
1.716741616 259 131 0
1.716760416 260 132 0
1.716778443 260 129 0
1.716793861 260 128 0
1.716856673 260 130 0
1.717092727 258 127 0
1.717107309 261 129 0
1.7171589470000002 259 128 0
1.717374381 259 133 0
1.717386519 261 132 0
1.717972669 261 130 0
1.719593335 255 131 1
1.719728111 252 130 1
1.719772281 255 129 1
1.719859185 253 131 1
1.719859589 254 130 1
1.7199236089999999 254 128 1
1.7199917789999999 255 128 1
1.7362194899999999 263 128 0
1.736487246 263 130 0
1.7365516140000001 262 132 0
1.7365747790000001 261 127 0
1.7365840559999999 263 132 0
1.7366085519999999 262 127 0
1.736658361 264 131 0
1.736765454 263 131 0
1.736792507 261 133 0
1.736813889 264 128 0
1.736859673 264 130 0
1.7369941070000001 262 129 0
1.737046797 263 129 0
1.737120221 253 130 1
1.7372415989999999 262 133 0
1.737408485 262 128 0
1.737618401 264 132 0
1.737620411 264 129 0
1.737790025 262 131 0
1.737869467 265 130 0
1.739470103 258 129 1
1.739855411 256 128 1
1.739874515 258 127 1
1.739910499 259 133 1
1.739917867 256 132 1
1.739966671 257 132 1
1.7563280890000001 265 133 0
1.756463635 265 131 0
1.756505751 266 129 0
1.756542381 266 130 0
1.756633693 267 131 0
1.756651532 266 132 0
1.756666727 266 128 0
1.756751721 267 130 0
1.756786155 265 128 0
1.7568354130000001 265 127 0
1.7568420470000001 264 127 0
1.756857503 267 128 0
1.756910601 265 129 0
1.756963727 264 133 0
1.757034765 267 132 0
1.757209585 266 131 0
1.757448613 268 130 0
1.757458949 267 129 0
1.757595397 265 132 0
1.7595127270000002 260 130 1
1.759602763 259 130 1
1.759712269 260 132 1
1.759723113 261 131 1
1.7597560730000001 261 133 1
1.759832941 261 128 1
1.759908007 258 130 1
1.759938689 260 131 1
1.759980893 259 128 1
1.759995681 261 132 1
1.766709627 261 129 1
1.776324086 269 132 0
1.776350436 270 130 0
1.7763538840000002 268 128 0
1.776423855 269 129 0
1.776490527 268 129 0
1.776522742 270 128 0
1.776642094 268 133 0
1.776651041 267 133 0
1.7766517080000002 269 128 0
1.776745682 270 132 0
1.7768310729999999 268 131 0
1.776896499 269 131 0
1.776910261 271 130 0
1.777000293 269 130 0
1.7770226070000001 268 127 0
1.777031017 267 127 0
1.7770882970000001 270 131 0
1.777182747 268 132 0
1.777778669 270 129 0
1.779569835 261 130 1
1.779670895 263 131 1
1.779713705 264 127 1
1.779737625 264 133 1
1.779836505 262 131 1
1.779885203 263 132 1
1.779914969 262 128 1
1.7799569069999999 264 128 1
1.779963747 264 129 1
1.779965509 262 130 1
1.79636711 271 129 0
1.796388404 271 133 0
1.7963912789999998 272 131 0
1.796469951 271 131 0
1.796484602 270 133 0
1.79654267 271 128 0
1.7966121940000002 273 131 0
1.796663461 271 127 0
1.796804967 272 132 0
1.796861683 273 129 0
1.796880433 273 130 0
1.7969293149999999 270 127 0
1.796980223 271 132 0
1.796998941 273 128 0
1.7970111069999999 272 129 0
1.7970436969999999 272 130 0
1.797178315 272 128 0
1.797638279 273 132 0
1.797724675 274 130 0
1.799659695 267 132 1
1.799819235 267 128 1
1.799873161 267 127 1
1.799875753 268 127 1
1.799900537 268 133 1
1.7999237689999998 267 133 1
1.7999293349999999 266 131 1
1.799974789 267 131 1
1.799985091 265 128 1
1.80328481 265 129 1
1.816442687 274 127 0
1.8164701330000002 276 130 0
1.8165460169999998 275 130 0
1.816578622 276 131 0
1.8166254020000001 274 128 0
1.816677781 274 133 0
1.816719196 274 132 0
1.8167787610000001 275 132 0
1.816833347 274 129 0
1.8168680130000001 274 131 0
1.816903991 275 128 0
1.817028375 273 127 0
1.817082557 275 131 0
1.817149207 275 129 0
1.817180885 276 128 0
1.8172245949999999 276 129 0
1.8175715970000001 276 132 0
1.817701657 277 130 0
1.8177564990000001 273 133 0
1.819764803 269 131 1
1.819784327 270 132 1
1.8199767489999998 268 130 1
1.8199907629999998 269 128 1
1.83150347 269 130 1
1.836411766 277 133 0
1.8364337590000002 277 132 0
1.836496044 276 127 0
1.836532347 279 132 0
1.836622358 277 129 0
1.836685578 280 130 0
1.8366951 278 130 0
1.836702265 278 131 0
1.8367625109999999 278 128 0
1.836884529 279 130 0
1.836909889 277 131 0
1.836982077 279 131 0
1.837009033 279 128 0
1.837019421 277 127 0
1.8371134470000001 278 129 0
1.837162723 276 133 0
1.837196381 277 128 0
1.8374535349999999 279 129 0
1.837688627 278 132 0
1.839338523 272 128 1
1.8396642330000001 273 133 1
1.839778817 271 132 1
1.8398387889999999 273 129 1
1.839867859 273 131 1
1.839936649 273 127 1
1.8399642790000001 272 129 1
1.839974769 272 132 1
1.839993587 272 130 1
1.856263553 281 128 0
1.856407424 282 130 0
1.856447162 281 129 0
1.8565177689999999 281 130 0
1.856616915 282 132 0
1.856718507 279 133 0
1.856742273 281 132 0
1.856869433 280 128 0
1.856894139 280 133 0
1.8569464249999998 282 128 0
1.8570140990000001 280 132 0
1.857051523 280 131 0
1.857064867 282 131 0
1.8570773470000002 279 127 0
1.8570959729999998 280 129 0
1.8571210329999999 281 131 0
1.857142537 283 130 0
1.857223931 280 127 0
1.857990163 282 129 0
1.859275281 273 132 1
1.859469665 276 129 1
1.859721221 275 132 1
1.859748949 275 131 1
1.8597875369999999 276 128 1
1.859874271 274 132 1
1.859953205 273 130 1
1.859988189 275 128 1
1.871232083 273 128 1
1.876433992 284 129 0
1.876542489 284 128 0
1.87658517 282 133 0
1.8766444660000001 286 130 0
1.876646657 284 132 0
1.876696777 283 132 0
1.876736555 285 131 0
1.8767449859999998 283 127 0
1.876747418 284 130 0
1.876790085 284 131 0
1.8768097510000001 282 127 0
1.876827067 283 129 0
1.876878965 283 128 0
1.876899715 283 131 0
1.876918223 285 128 0
1.877074351 285 129 0
1.8772416349999999 283 133 0
1.877743473 285 132 0
1.877983409 285 130 0
1.879389381 280 133 1
1.879635749 279 128 1
1.8796452750000001 278 128 1
1.879647897 279 129 1
1.879715065 277 130 1
1.879781749 279 133 1
1.879864085 278 129 1
1.879935403 278 131 1
1.879950253 277 128 1
1.879961973 278 132 1
1.8964784620000001 285 127 0
1.896570696 288 128 0
1.896588044 287 130 0
1.896620973 288 131 0
1.89664521 285 133 0
1.896705253 286 132 0
1.896726064 287 132 0
1.896769045 287 128 0
1.896945041 286 129 0
1.897021061 287 131 0
1.897030731 288 130 0
1.8970816849999999 286 127 0
1.897275117 286 128 0
1.8973324169999999 287 129 0
1.8973949989999999 286 133 0
1.897444949 288 129 0
1.897551221 286 131 0
1.898046173 288 132 0
1.898065831 289 130 0
1.899802395 282 128 1
1.8998126549999999 280 131 1
1.899816275 283 127 1
1.899863341 282 131 1
1.8998815489999998 280 132 1
1.8998872329999998 282 127 1
1.8999208109999999 283 133 1
1.899931603 281 131 1
1.899961227 280 128 1
1.899985639 280 129 1
1.8999895549999999 281 128 1
1.899997689 281 132 1
1.9164702789999999 290 129 0
1.91648541 291 128 0
1.916550246 290 132 0
1.916556546 288 133 0
1.916591152 289 133 0
1.916606179 291 130 0
1.916626543 289 128 0
1.9166579590000001 290 130 0
1.916667184 289 131 0
1.916752692 290 128 0
1.9167673619999999 291 131 0
1.9167777350000001 288 127 0
1.9167895910000001 291 132 0
1.916992781 290 131 0
1.917030083 289 129 0
1.917053871 289 127 0
1.917241669 292 130 0
1.917288721 289 132 0
1.9173940310000002 291 129 0
1.919657381 283 131 1
1.919753823 283 129 1
1.919758627 284 130 1
1.9197914969999998 285 132 1
1.919847489 284 132 1
1.919866485 285 128 1
1.919931689 285 129 1
1.919947479 286 133 1
1.919950491 285 131 1
1.919972341 283 132 1
1.9199878049999999 283 130 1
1.921838598 282 129 1
1.934789609 280 130 1
1.936472003 293 128 0
1.936483978 292 129 0
1.936535465 294 130 0
1.936559334 293 131 0
1.9366134069999998 293 129 0
1.936628432 292 131 0
1.9367248529999999 294 128 0
1.9367452969999999 291 133 0
1.936797887 294 132 0
1.9368107509999999 292 133 0
1.936818293 293 130 0
1.936852123 292 127 0
1.936908495 292 128 0
1.936920475 293 132 0
1.936960607 294 131 0
1.937042545 291 127 0
1.9372139210000001 295 130 0
1.937228237 292 132 0
1.937480507 294 129 0
1.939529253 287 131 1
1.939610257 287 132 1
1.939630075 288 132 1
1.939644479 285 130 1
1.9396601310000001 287 129 1
1.939809705 289 127 1
1.939907189 286 128 1
1.9399395149999998 289 133 1
1.939940629 287 128 1
1.939961699 288 127 1
1.9399624069999999 286 131 1
1.956427692 295 131 0
1.956492737 296 131 0
1.956557791 294 133 0
1.956564462 296 132 0
1.9566342209999998 295 132 0
1.95667226 295 129 0
1.956675496 297 128 0
1.9567287439999999 297 129 0
1.956786681 297 131 0
1.956845243 295 133 0
1.956848379 295 128 0
1.956904355 297 130 0
1.956925101 295 127 0
1.956954833 296 129 0
1.957079029 294 127 0
1.957091503 296 128 0
1.957213897 296 130 0
1.957335373 298 130 0
1.957821383 297 132 0
1.959770493 291 131 1
1.959796439 292 133 1
1.959890917 288 130 1
1.959914789 290 130 1
1.959941457 291 127 1
1.9763454280000001 299 131 0
1.97654482 300 131 0
1.976550126 298 127 0
1.9765773599999998 299 128 0
1.976581918 298 132 0
1.9765959020000001 298 129 0
1.976602038 299 132 0
1.976674412 298 128 0
1.976800503 300 128 0
1.9768402630000002 298 133 0
1.976877091 299 129 0
1.976884139 300 130 0
1.976914877 298 131 0
1.976940581 297 127 0
1.977079859 299 130 0
1.9772550070000001 300 129 0
1.977429657 297 133 0
1.977634259 301 130 0
1.977741381 300 132 0
1.979577253 292 128 1
1.9796826410000001 295 127 1
1.9797201709999999 293 132 1
1.979786517 294 132 1
1.979860225 292 132 1
1.979900285 292 131 1
1.979941033 292 129 1
1.9799522870000001 294 127 1
1.979959153 294 128 1
1.996288206 301 129 0
1.996404247 302 131 0
1.9964431660000002 302 128 0
1.9965005310000001 303 130 0
1.99650733 303 128 0
1.996509946 301 133 0
1.9966900010000002 301 132 0
1.996738738 304 130 0
1.996741788 300 127 0
1.9968172910000002 303 132 0
1.996821043 302 130 0
1.996996835 301 127 0
1.9970441669999999 303 131 0
1.9971124649999998 302 129 0
1.997131947 300 133 0
1.997135447 301 128 0
1.997136533 301 131 0
1.9975433489999999 303 129 0
1.997580551 302 132 0
1.998968159 289 132 1
1.999601669 297 131 1
1.999616847 296 130 1
1.9996446909999999 295 128 1
1.9998243150000001 297 127 1
1.999837665 296 132 1
1.999867891 296 128 1
1.9999311629999998 295 129 1
1.999939861 298 133 1
1.999957651 297 132 1
1.999992905 295 130 1
2.016228209 306 132 0
2.016375414 306 130 0
2.016433994 306 128 0
2.016519699 305 128 0
2.016584161 303 133 0
2.016620673 304 128 0
2.016641249 305 129 0
2.016692788 304 133 0
2.016739887 305 132 0
2.016811503 305 130 0
2.016831725 306 131 0
2.016847003 304 131 0
2.017049613 304 132 0
2.017200981 305 131 0
2.017208679 304 129 0
2.017385337 304 127 0
2.017437259 303 127 0
2.017444421 307 130 0
2.017999717 306 129 0
2.019819903 300 129 1
2.019826509 299 130 1
2.019878019 301 133 1
2.019927159 300 132 1
2.019963031 300 127 1
2.019978047 300 131 1
2.019988945 298 131 1
2.019998369 300 133 1
2.036351243 307 129 0
2.036523703 308 132 0
2.03654948 307 132 0
2.03655082 310 130 0
2.036611705 308 129 0
2.036622545 309 131 0
2.036732538 309 128 0
2.036743025 307 131 0
2.036768171 308 130 0
2.036809005 306 127 0
2.036837205 308 131 0
2.036929219 309 129 0
2.036954741 306 133 0
2.037097865 308 128 0
2.037116771 307 127 0
2.037275707 307 133 0
2.037393723 309 132 0
2.037520657 307 128 0
2.038077439 309 130 0
2.039494951 302 130 1
2.039502399 303 127 1
2.039571285 303 132 1
2.039715205 303 129 1
2.039757147 302 128 1
2.039818305 302 129 1
2.039903451 301 128 1
2.039927027 304 127 1
2.039966153 301 132 1
2.039976145 300 130 1
2.039990655 301 130 1
2.040142668 297 128 1
2.050674094 296 129 1
2.056356522 309 133 0
2.056491921 311 131 0
2.056562791 312 130 0
2.056617737 311 130 0
2.056624608 311 128 0
2.056736021 309 127 0
2.056757421 310 132 0
2.056793059 311 132 0
2.056819083 312 128 0
2.056820783 312 131 0
2.056906253 311 129 0
2.056947571 310 127 0
2.056956837 310 129 0
2.056970573 310 128 0
2.057346071 310 133 0
2.057353469 312 129 0
2.057547709 312 132 0
2.057992503 310 131 0
2.058212453 313 130 0
2.058559443 302 132 1
2.059702219 307 127 1
2.059760187 307 133 1
2.059818173 305 129 1
2.059856459 306 133 1
2.059864487 304 128 1
2.059929745 305 130 1
2.059959407 304 132 1
2.059974915 306 127 1
2.059984735 304 129 1
2.07633242 312 127 0
2.076446344 312 133 0
2.07649404 313 131 0
2.076566352 315 130 0
2.076601082 314 129 0
2.076719793 314 130 0
2.076746929 314 128 0
2.076755867 314 132 0
2.076761731 313 133 0
2.076795227 315 128 0
2.076813185 313 127 0
2.076964741 315 131 0
2.076966873 313 129 0
2.077000255 315 132 0
2.077071261 313 128 0
2.077130585 314 131 0
2.077184547 313 132 0
2.077424487 315 129 0
2.077430649 316 130 0
2.079695315 308 131 1
2.079777039 307 128 1
2.079777579 310 127 1
2.079787403 309 128 1
2.079857013 308 128 1
2.079867027 309 127 1
2.079880691 308 130 1
2.079917369 307 131 1
2.079923749 307 130 1
2.079943725 309 131 1
2.079988257 308 132 1
2.079994891 310 133 1
2.096466061 317 129 0
2.096589996 316 128 0
2.096609437 317 132 0
2.096610616 318 128 0
2.096632148 317 131 0
2.096677407 316 129 0
2.096723016 318 132 0
2.096821189 317 128 0
2.096832793 316 133 0
2.096841209 316 131 0
2.096842405 315 133 0
2.096953265 318 130 0
2.096963851 319 130 0
2.097024017 317 130 0
2.097106941 315 127 0
2.097120367 316 127 0
2.097265771 318 131 0
2.097296069 316 132 0
2.097664555 318 129 0
2.099625643 312 131 1
2.099728189 309 130 1
2.0997587109999998 310 131 1
2.099909687 310 132 1
2.099941127 312 128 1
2.099953769 310 129 1
2.0999819730000002 311 128 1
2.11659283 319 128 0
2.116626091 319 133 0
2.116631873 318 133 0
2.116681051 320 132 0
2.116707719 320 129 0
2.116742024 321 130 0
2.116765749 320 131 0
2.116816007 320 128 0
2.116863501 321 129 0
2.116871361 321 128 0
2.1168816010000002 319 127 0
2.116882987 319 131 0
2.116916827 321 131 0
2.116954231 319 129 0
2.116988841 320 130 0
2.117004927 318 127 0
2.117038663 319 132 0
2.117701421 322 130 0
2.117731597 321 132 0
2.1196268050000002 316 133 1
2.119655719 315 131 1
2.119725431 315 127 1
2.119871837 314 132 1
2.119886281 315 133 1
2.119899517 314 128 1
2.119906613 313 128 1
2.136200314 322 132 0
2.136500648 322 133 0
2.1365947849999998 323 132 0
2.136597838 322 128 0
2.136647231 323 131 0
2.136679989 322 131 0
2.136706604 322 129 0
2.136803385 324 131 0
2.136812945 324 128 0
2.136840573 323 130 0
2.136881065 324 130 0
2.136911501 323 128 0
2.136917949 322 127 0
2.137101659 324 129 0
2.137132121 321 127 0
2.137146047 321 133 0
2.137326079 325 130 0
2.137351203 323 129 0
2.137767131 324 132 0
2.139644157 319 127 1
2.1397228090000002 317 128 1
2.139771901 316 132 1
2.139813073 318 132 1
2.139814893 316 129 1
2.139949347 316 128 1
2.139965351 319 133 1
2.142928271 313 133 1
2.156463587 327 132 0
2.156503637 326 128 0
2.156527613 327 128 0
2.156593661 326 131 0
2.156599156 325 132 0
2.156620754 326 130 0
2.156698716 327 130 0
2.156738251 325 133 0
2.156767627 324 127 0
2.156812289 325 129 0
2.156830695 327 129 0
2.156864939 327 131 0
2.156868355 325 127 0
2.156905031 325 128 0
2.156961367 328 130 0
2.157054141 326 129 0
2.157129075 325 131 0
2.157237951 324 133 0
2.157460405 326 132 0
2.159603993 319 129 1
2.159783691 321 131 1
2.1597855089999998 321 127 1
2.159839641 318 130 1
2.159880999 321 132 1
2.159892727 322 127 1
2.159924717 320 131 1
2.159972431 321 129 1
2.1764212179999998 329 130 0
2.176431421 329 132 0
2.176546509 328 132 0
2.17658132 330 131 0
2.176640319 329 128 0
2.176645103 327 133 0
2.176780353 328 133 0
2.176784977 328 129 0
2.176786481 329 129 0
2.176788309 330 130 0
2.176804715 328 128 0
2.176850139 330 132 0
2.176880693 330 128 0
2.177129551 331 130 0
2.177174283 328 131 0
2.177177247 329 131 0
2.177388999 328 127 0
2.177568919 327 127 0
2.177935283 330 129 0
2.179465043 324 131 1
2.179586755 325 133 1
2.179687635 324 127 1
2.179773469 325 127 1
2.179954201 323 128 1
2.179983697 323 130 1
2.179989531 322 129 1
2.179999895 324 128 1
2.196285308 331 127 0
2.196523066 332 129 0
2.196537546 334 130 0
2.196545759 332 131 0
2.196547142 332 132 0
2.196571128 333 129 0
2.196587207 333 128 0
2.196691238 332 130 0
2.1967412570000002 330 133 0
2.196749106 333 131 0
2.196799443 331 132 0
2.196823467 330 127 0
2.196881845 331 131 0
2.196940833 331 129 0
2.197127721 332 128 0
2.197166985 331 128 0
2.197196787 331 133 0
2.197582545 333 132 0
2.197594489 333 130 0
2.199472847 328 127 1
2.199812767 326 128 1
2.199820255 327 131 1
2.199871287 324 130 1
2.199917191 327 127 1
2.199972539 325 131 1
2.212547494 326 131 1
2.216103214 336 128 0
2.216476008 333 127 0
2.216552561 335 131 0
2.216565181 333 133 0
2.21657898 336 130 0
2.216619354 335 132 0
2.216637916 334 132 0
2.216701374 336 131 0
2.216751223 335 128 0
2.216928881 335 130 0
2.216992983 334 129 0
2.217040609 334 127 0
2.217315867 336 129 0
2.217323841 334 133 0
2.217343781 335 129 0
2.217348075 334 131 0
2.217505093 334 128 0
2.217584225 336 132 0
2.218274961 337 130 0
2.219558923 330 132 1
2.219775075 328 128 1
2.219792409 328 131 1
2.219851187 331 133 1
2.219930057 329 129 1
2.219934883 330 128 1
2.2199525270000002 327 130 1
2.236322311 336 127 0
2.236366358 338 132 0
2.236549464 338 130 0
2.236550475 339 131 0
2.236603288 338 129 0
2.236646458 336 133 0
2.236667045 338 128 0
2.236687171 339 128 0
2.236690683 337 133 0
2.236774561 339 130 0
2.236856121 337 128 0
2.236881851 337 131 0
2.236932415 337 127 0
2.236968017 337 129 0
2.237132031 339 132 0
2.237154837 338 131 0
2.237376759 340 130 0
2.237449357 337 132 0
2.237600161 339 129 0
2.239512383 330 130 1
2.239676671 334 127 1
2.239681817 332 128 1
2.239741327 331 130 1
2.239816479 331 129 1
2.239864867 331 128 1
2.239955427 333 128 1
2.255968461 333 132 1
2.256446774 340 128 0
2.256515079 341 128 0
2.256526455 339 133 0
2.256593074 342 128 0
2.256599565 341 131 0
2.25660156 341 129 0
2.256690508 341 132 0
2.256767285 342 132 0
2.256793417 340 131 0
2.256869603 342 130 0
2.256935823 340 133 0
2.256967629 340 129 0
2.256999433 339 127 0
2.257004507 340 127 0
2.257065677 340 132 0
2.2570908530000002 341 130 0
2.257201591 342 131 0
2.257318195 343 130 0
2.257961459 342 129 0
2.259650573 335 130 1
2.259658095 337 133 1
2.259778173 334 128 1
2.259843913 334 129 1
2.259933453 336 133 1
2.259946463 334 132 1
2.259987033 335 132 1
2.276595341 343 128 0
2.276609027 345 128 0
2.276680964 345 132 0
2.276683607 344 128 0
2.276684471 343 129 0
2.276698623 342 133 0
2.276698991 344 129 0
2.276775882 345 129 0
2.276779717 343 133 0
2.276781835 343 127 0
2.276827701 344 131 0
2.276860407 343 131 0
2.276951711 343 132 0
2.276964483 344 132 0
2.276964533 344 130 0
2.2769875170000002 345 131 0
2.277005189 342 127 0
2.277218931 345 130 0
2.279767907 337 131 1
2.279776553 339 132 1
2.279798483 338 130 1
2.279843579 337 132 1
2.279854467 337 130 1
2.279883135 339 127 1
2.279891095 336 130 1
2.279966495 339 129 1
2.279970577 340 133 1
2.296424179 345 133 0
2.296643253 345 127 0
2.299595753 342 129 1
2.299698157 340 131 1
2.299771345 342 132 1
2.299864973 342 128 1
2.299880061 339 130 1
2.299907245 340 129 1
2.299916535 342 133 1
2.299966253 342 131 1
2.299992793 343 133 1
