0.0167262  3 130 0
0.0169738  0 130 1
timing
0.037128  6 130 0
0.0399086  3 130 1
timing
0.0574551  9 130 0
0.0598747  6 130 1
timing
0.0764298  12 130 0
0.0797775  9 130 1
timing
0.0968205  15 130 0
timing
0.117474  18 130 0
timing
0.137527  21 130 0
0.139904  18 130 1
timing
0.156904  24 130 0
0.159902  21 130 1
timing
0.17682  27 130 0
timing
0.197138  30 130 0
0.199638  27 130 1
timing
0.216932  33 130 0
0.219862  30 130 1
timing
0.236993  36 130 0
timing
0.25717  39 130 0
0.259832  36 130 1
timing
0.277684  42 130 0
0.279652  39 130 1
timing
0.297618  45 130 0
0.2998  42 130 1
timing
0.317014  48 130 0
timing
0.336519  51 130 0
0.33988  48 130 1
timing
0.35704  54 130 0
timing
0.377453  57 130 0
timing
0.396798  60 130 0
0.399849  57 130 1
timing
0.417034  63 130 0
0.419954  60 130 1
timing
0.437513  66 130 0
0.439941  63 130 1
timing
0.457731  69 130 0
timing
0.47719  72 130 0
0.479437  69 130 1
timing
0.496564  75 130 0
0.499479  72 130 1
timing
0.516949  78 130 0
0.519725  75 130 1
timing
0.53736  81 130 0
timing
0.556749  84 130 0
0.559865  81 130 1
timing
0.576974  87 130 0
0.57999  84 130 1
timing
0.59786  90 130 0
0.599565  87 130 1
timing
0.617372  93 130 0
0.61962  90 130 1
timing
0.637331  96 130 0
timing
0.656495  99 130 0
0.659694  96 130 1
timing
0.677447  102 130 0
timing
0.697011  105 130 0
0.699914  102 130 1
timing
0.716258  108 130 0
timing
0.736571  111 130 0
timing
0.757245  114 130 0
timing
0.777549  117 130 0
timing
0.796786  120 130 0
0.799793  117 130 1
timing
0.816604  123 130 0
timing
0.836795  126 130 0
timing
0.85726  129 130 0
timing
0.876992  132 130 0
timing
0.896882  135 130 0
0.89956  132 130 1
timing
0.917368  138 130 0
timing
0.937387  141 130 0
timing
0.956793  144 130 0
timing
0.976342  147 130 0
timing
0.997605  150 130 0
timing
1.01707  153 130 0
1.0195  150 130 1
timing
1.03675  156 130 0
timing
1.05717  159 130 0
1.05731  153 130 1
1.0599  156 130 1
timing
1.07761  162 130 0
1.07949  159 130 1
timing
1.09734  165 130 0
1.09995  162 130 1
timing
1.11659  168 130 0
timing
1.13669  171 130 0
1.13998  168 130 1
timing
1.15727  174 130 0
timing
1.17743  177 130 0
1.1795  174 130 1
timing
1.19682  180 130 0
1.19954  177 130 1
timing
1.217  183 130 0
1.21999  180 130 1
timing
1.23738  186 130 0
1.23996  183 130 1
timing
1.25749  189 130 0
1.25997  186 130 1
timing
1.27677  192 130 0
1.27992  189 130 1
timing
1.29697  195 130 0
timing
1.3174  198 130 0
1.31958  195 130 1
timing
1.33746  201 130 0
1.33952  198 130 1
timing
1.35654  204 130 0
1.3598  201 130 1
timing
1.3771  207 130 0
timing
1.39754  210 130 0
timing
1.41702  213 130 0
1.41998  210 130 1
timing
1.43707  216 130 0
timing
1.45689  219 130 0
timing
1.47695  222 130 0
1.47972  219 130 1
timing
1.49761  225 130 0
timing
1.51652  228 130 0
1.51994  225 130 1
timing
1.53665  231 130 0
1.53995  228 130 1
timing
1.55723  234 130 0
timing
1.57747  237 130 0
timing
1.59682  240 130 0
timing
1.61673  243 130 0
timing
1.6375  246 130 0
timing
1.65737  249 130 0
1.65996  246 130 1
timing
1.67692  252 130 0
1.67991  249 130 1
timing
1.69691  255 130 0
1.69968  252 130 1
timing
1.71764  258 130 0
timing
1.73749  261 130 0
timing
1.75702  264 130 0
1.75991  261 130 1
timing
1.7768  267 130 0
1.77978  264 130 1
timing
1.79751  270 130 0
timing
1.8175  273 130 0
1.81983  270 130 1
timing
1.8367  276 130 0
1.83973  273 130 1
timing
1.85696  279 130 0
1.85985  276 130 1
timing
1.87785  282 130 0
timing
1.89748  285 130 0
1.89961  282 130 1
timing
1.91689  288 130 0
timing
1.93663  291 130 0
1.93992  288 130 1
timing
1.95718  294 130 0
timing
1.97723  297 130 0
1.97981  294 130 1
timing
1.99682  300 130 0
timing
2.01725  303 130 0
timing
2.03735  306 130 0
timing
2.05755  309 130 0
timing
2.07682  312 130 0
2.07996  309 130 1
timing
2.0967  315 130 0
timing
2.1174  318 130 0
2.1199  315 130 1
timing
2.13738  321 130 0
2.14  318 130 1
timing
2.15675  324 130 0
2.15971  321 130 1
timing
2.17716  327 130 0
2.17968  324 130 1
timing
2.19725  330 130 0
2.19974  327 130 1
timing
2.2176  333 130 0
2.21993  330 130 1
timing
2.23685  336 130 0
2.2398  333 130 1
timing
2.25698  339 130 0
2.25998  336 130 1
timing
2.277  342 130 0
2.27992  339 130 1
timing
2.29687  345 130 0
timing
